9825763	9825854
9825960	9826081
9826185	9826312
9907173	9907501
9908283	9908478
9909046	9909136
9909146	9909301
10793870	10793961
10862590	10862681
10862819	10862989
10863011	10863111
10906902	10907019
10908792	10908907
10910285	10910400
10914332	10914449
10916305	10916405
10920018	10920109
10921896	10922011
10934927	10935018
10941855	10941945
10941953	10942043
10942692	10942811
10942967	10943061
10944716	10944820
10959722	10959817
10969062	10969153
10969956	10970047
10971250	10971365
10971710	10971801
10973642	10973775
10998204	10998340
11026965	11027055
11038718	11038974
11038983	11039106
11049438	11049654
11058167	11058306
11059833	11059933
11098632	11098768
14745306	14745463
14756483	14756575
14756619	14756835
14756884	14756975
14756980	14757160
14757229	14757355
14757362	14757485
14758585	14758675
14760070	14760255
14765847	14765991
14766006	14766096
14771251	14771371
14777486	14777606
14778725	14778816
14780608	14780723
14916921	14917012
14917166	14917256
15013761	15013889
15052072	15052194
15352084	15352174
15373314	15373463
15373874	15373964
15374224	15374417
15399829	15399919
15481224	15481405
15516927	15517095
15524809	15525011
15535729	15535894
15537574	15537760
15538680	15538864
15554083	15554251
15558291	15558458
15561341	15561730
15579123	15579352
15583100	15583305
15588468	15588660
15591875	15592062
15593322	15593497
15596679	15596860
15599146	15599276
15599451	15599625
15646402	15646586
15651904	15652084
15659839	15660009
15660740	15660918
15663580	15663704
15663853	15664031
15671790	15671990
15745909	15746248
15746252	15746595
15747961	15748180
15750506	15750698
15753530	15753885
15755271	15755480
15858288	15858457
15870729	15870917
15872798	15873026
15882587	15882707
15882708	15882828
15884706	15884826
15884828	15884948
15889244	15889410
15893423	15893603
15918511	15918693
15954406	15954526
15954528	15954786
15955963	15956136
15964797	15964996
15966247	15966430
15974246	15974426
15981742	15981920
15984841	15985008
15985079	15985257
15988203	15988325
15991855	15992037
16015297	16015471
16031034	16031236
16337015	16337455
16337458	16338305
16338306	16338476
16338478	16339070
16339071	16339921
16339924	16340539
16422995	16423234
17102701	17102824
17115560	17115682
17116208	17116409
17135165	17135331
17138300	17138477
17150197	17150373
17163779	17163944
17172038	17172238
17177414	17177603
17181121	17181294
17183409	17183574
17190999	17191173
17196265	17196468
17197187	17197382
17198525	17198712
17199284	17199556
17202761	17202928
17203687	17203950
17205680	17205869
17214706	17214940
17219975	17220195
17222059	17222225
17236573	17236739
17238545	17238673
17242378	17242549
17246727	17246945
17250122	17250350
17250646	17250847
17443383	17443503
17443504	17443624
17532919	17533018
17533162	17533283
17559996	17560123
17560264	17560361
17566746	17566973
17603255	17603449
17763899	17764085
17911345	17911552
17912093	17912280
17962522	17962714
18813989	18814174
18816451	18816542
18821160	18821326
18885448	18885573
18902696	18902826
18914242	18914461
18915259	18915380
18919434	18919534
18924018	18924118
18924198	18924298
18931184	18931339
18931413	18931540
18933110	18933231
18933766	18933890
18937715	18937815
18965413	18965634
18966370	18966670
18970905	18971083
18976410	18976510
18977084	18977323
18981221	18981458
19165692	19165906
19167473	19167642
19168861	19169417
19190524	19190732
19506601	19506788
19617537	19617739
19618220	19618409
19628787	19629081
19629243	19629440
19632512	19632705
19635085	19635267
19638292	19638485
19642257	19642476
19647528	19647711
19651291	19651412
19653382	19653574
19666618	19666986
19669967	19670142
19685240	19685426
19687416	19687601
19698750	19698950
19701417	19701595
19704359	19704533
19713664	19713843
19715808	19716003
19716172	19716405
19725164	19725337
19726043	19726212
19732062	19732280
19737455	19737667
19744445	19744643
19751505	19751713
19752755	19752935
19755972	19756161
19770152	19770391
19770451	19770648
19775720	19775918
20058280	20058402
22370837	22371068
22582874	22583054
22643487	22643688
22643986	22644110
22652790	22653014
22656495	22656692
22658572	22658744
22664360	22664539
22696678	22696798
22696803	22696923
22707822	22707988
22710727	22710903
22746152	22746329
22757858	22758047
22782583	22782751
22790785	22790998
22804380	22804614
22838924	22839048
22840940	22841112
22849613	22849793
22881145	22881353
22906870	22907039
22910179	22910378
26946246	26946466
26957999	26958179
26959954	26960123
26961007	26961234
26965097	26965217
26965222	26965342
26966094	26966214
26966219	26966339
26969627	26969810
26972051	26972228
26973615	26973792
26976122	26976304
26978747	26978977
26979605	26979821
27012124	27012289
27056171	27056358
27062181	27062369
27066079	27066261
27070958	27071180
27074464	27074693
27078277	27078450
27081685	27081866
27083616	27083841
27084571	27084759
27086462	27086562
27086909	27087105
27089895	27090077
27096952	27097073
27097456	27097576
27097581	27097701
27101836	27101991
27102068	27102198
27107211	27107398
27113953	27114074
27117615	27117745
27121266	27121386
27121391	27121511
27124214	27124369
27124467	27124597
27130420	27130550
27134486	27134703
27136593	27136714
27137004	27137134
27141233	27141363
27141424	27141576
27253901	27254132
27263988	27264207
27269841	27270028
27277202	27277322
27277324	27277444
27284107	27284286
27318264	27318390
27326882	27327003
27327949	27328158
27347409	27347609
27348178	27348346
27354611	27354838
27369545	27369758
27372338	27372571
27382244	27382374
27394214	27394389
27423351	27423567
27425509	27425727
27462268	27462455
27484227	27484422
27512445	27512619
27542767	27542998
27840725	27840927
27850270	27850475
27852606	27852773
27936979	27937178
27938547	27938720
27945176	27945427
27945431	27945551
28209938	28210644
28210788	28210978
28211853	28211973
28211977	28212313
28212554	28212674
28212675	28212879
28213307	28213437
28214134	28214342
28214588	28214994
28215695	28215879
28215986	28216106
28216110	28216230
28216531	28217275
28296340	28296460
28296464	28297006
28302196	28302430
28304267	28304387
28304388	28304508
28305196	28305418
28306761	28307090
28315657	28315881
28326163	28326390
28327017	28327239
28337535	28338583
28338584	28338704
30248690	30248896
30250541	30250740
30252070	30252190
30252195	30252315
30254404	30254524
30254529	30254649
30255227	30255347
30255352	30255472
30257470	30257684
30302647	30302843
30303474	30303642
30304740	30304937
30307477	30307659
30308837	30309032
30313577	30313762
30315493	30315691
30316013	30316274
30316748	30316931
30318061	30318257
30318395	30318611
30319725	30319910
30324479	30324676
30325559	30325779
30329091	30329276
30329594	30329771
30330654	30330835
30331698	30331984
30332870	30333037
30333694	30333900
30336885	30337112
30338158	30338279
30338689	30339490
30341711	30341901
30342872	30343073
30343590	30343779
30353441	30353623
30354621	30354796
30356982	30357238
30358439	30358611
30358618	30358817
30359060	30359234
30365079	30365261
30378727	30378914
30378918	30379038
30380050	30380509
30380514	30380974
30391522	30391687
30396920	30397087
30400162	30400327
30402916	30403101
30407126	30407307
30408577	30408751
30409647	30409819
30410638	30410807
30411339	30411528
30411744	30411927
30412926	30413099
30414295	30414474
30414693	30414916
30415786	30415954
30418981	30419701
30421025	30421194
30422326	30422531
30426148	30426334
30426337	30426506
30428833	30428954
30432877	30433062
30433473	30433603
30433693	30433892
30434510	30434682
30434687	30434880
30435764	30435892
30437314	30437508
30439064	30439254
30439341	30439471
30439972	30440102
30441620	30441740
30441745	30441865
30442570	30442751
30444220	30444433
30445738	30445858
30445863	30445983
30458124	30458350
30463799	30464120
30464700	30464873
30481367	30481600
30505525	30505762
30521429	30521658
30532178	30532408
30547075	30547279
30693567	30693877
30698372	30699149
30699153	30699405
30699407	30699749
30701805	30701980
30714698	30715062
30715065	30715185
30723917	30724088
30830349	30830470
30909526	30909646
30909650	30909770
30910044	30910172
30925887	30926052
30927352	30927517
30927521	30927641
30933972	30934244
30949256	30949478
30953799	30953929
30954606	30954775
30959660	30959862
30961156	30961328
30963395	30963570
30968686	30968919
30969831	30970051
30971145	30971316
30973475	30973685
31002770	31002954
31015144	31015374
31023393	31023623
31027032	31027205
31045259	31045435
31061978	31062264
31066213	31066394
31233906	31234036
31311664	31311851
31538216	31538385
31538390	31538931
31587552	31588229
31654428	31655038
31655041	31655214
31661528	31661648
31661649	31661825
31691662	31692324
31709352	31710006
31720323	31720451
31720609	31720886
31743964	31744094
31744217	31744343
31744416	31744578
31747574	31747694
31747696	31747816
31768384	31768509
31768524	31768677
31768771	31768976
31797701	31798053
31798144	31798301
31802707	31803128
31812605	31813102
31852296	31852450
31852564	31852691
31859453	31859575
31863960	31864090
31864196	31864340
31869178	31869299
31869383	31869513
31874146	31874276
31874344	31874488
31913893	31914098
31914103	31914223
31933534	31933658
31962534	31962719
31964776	31965168
31970939	31971059
31971061	31971181
31973376	31973614
31985974	31986176
31988718	31988952
31989808	31989980
31992901	31993021
31993025	31993145
32007518	32007638
32007643	32007763
32015171	32015363
32090944	32091146
32119200	32119329
32119419	32119541
32127518	32127608
32185302	32185485
32201795	32202076
32253346	32253466
32253469	32253929
32361780	32361949
32410583	32410703
32410708	32410828
32433442	32433561
32434864	32434954
32490835	32491064
32492722	32493203
32496855	32497062
32499263	32499383
32499388	32499508
32502439	32502559
32502560	32502680
32503156	32503276
32503279	32503399
32508182	32508302
32508307	32508427
32513430	32513805
32519220	32519389
32524871	32525080
32525288	32525460
32526503	32526714
32537195	32537374
32554807	32555000
32559235	32559434
32567477	32567657
32575153	32575336
32582403	32582568
32585673	32585858
32589821	32590005
32595771	32595951
32598010	32598198
32617741	32617968
32624023	32624509
32638301	32638636
32638640	32639270
32931553	32931933
32932276	32932496
33031965	33032192
33036082	33036282
33038633	33038753
33038758	33038878
33039498	33039718
33040794	33040979
33043737	33044253
33044331	33044698
33057327	33057556
33057709	33058084
33060586	33060790
33063099	33063277
33064114	33064346
33064625	33064796
33065577	33065780
33066445	33066634
33067093	33067323
33068391	33068619
33068810	33068930
33068934	33069054
33073165	33073525
33074042	33074282
33074492	33074682
33076106	33076297
33077617	33077813
33078584	33078789
33081710	33081832
33083674	33083875
33103886	33104056
33246077	33246257
33296737	33297016
33312343	33312552
33318265	33318496
33331136	33331256
33331260	33331380
33340538	33340720
33346905	33347104
33355781	33356005
33362315	33362442
33368048	33368213
33370795	33370975
33370979	33371501
33416375	33416568
33641250	33641438
33642013	33642135
33642699	33642910
33647104	33647276
33650976	33651338
33671252	33671422
33678947	33679069
33683983	33684103
33684104	33684397
33686772	33686955
33687276	33687474
33688741	33688861
33688866	33689410
33689940	33690200
33691543	33691663
33691667	33691787
33692776	33692994
33694139	33694332
33694733	33694903
33696756	33696938
33697568	33697741
33705539	33705779
33706492	33706718
33709290	33709496
33709720	33709923
33711069	33711274
33713705	33713825
33713826	33713946
33716868	33717036
33717621	33717844
33719249	33720171
33721541	33721759
33722961	33723195
33725042	33725233
33726225	33726446
33727190	33727398
33727725	33727854
33729784	33729967
33732111	33732323
33733314	33733435
33734222	33734389
33735494	33735696
33738913	33739121
33740725	33740892
33744724	33744949
33745906	33746085
33747605	33747791
33749580	33749701
33750693	33750915
33755666	33755845
33756634	33756811
33757876	33758064
33765093	33765307
33765570	33765785
33785198	33785380
33829916	33830103
33840008	33840245
33867250	33867461
33887183	33887545
33948998	33949200
33950947	33951068
33954532	33954706
33956429	33956660
33964506	33964626
33964630	33964750
33974146	33974266
33974270	33974390
33974529	33974760
33975438	33975605
33976455	33976681
33979947	33980071
33982108	33982228
33982233	33982353
33984374	33984554
33997213	33997436
34003288	34003747
34003751	34004091
34007141	34007317
34011168	34011368
34012009	34012131
34014119	34014444
34015659	34015825
34017212	34017390
34017884	34018004
34018009	34018129
34018239	34018408
34018761	34018954
34022452	34022621
34025541	34025743
34029013	34029443
34029978	34030186
34037219	34037391
34038278	34038467
34038696	34038900
34042535	34042703
34045622	34045787
34048578	34048760
34050945	34051147
34053799	34053973
34056303	34056472
34058096	34058264
34059232	34059405
34060558	34060733
34066490	34066661
34067353	34067604
34072113	34072385
34074231	34074399
34099030	34099222
34100247	34100431
34107232	34107407
34109558	34109738
34110465	34110639
34113707	34113833
34115218	34115392
34115487	34115661
34115884	34116004
34116009	34116129
34117100	34117295
34117839	34118031
34120783	34120951
34123225	34123476
34123478	34123598
34127520	34127716
34128563	34128728
34131396	34131595
34132142	34132322
34133358	34133528
34134444	34134668
34136600	34136815
34142026	34142234
34143632	34143762
34143841	34144018
34157111	34157232
34160899	34161127
34165958	34166465
34166469	34166725
34169196	34169374
34182869	34182990
34185813	34185992
34224032	34224220
34258244	34258369
34399131	34399336
34399341	34399591
34399596	34399761
34399849	34400141
34442548	34442669
34442692	34442812
34442816	34443066
34443144	34443321
34537881	34538103
34540670	34540859
34541924	34542112
34542297	34542515
34602780	34602956
34614173	34614384
34615922	34616104
34617155	34617389
34617703	34617873
34619011	34619250
34620927	34621146
34624456	34624581
34625016	34625196
34632904	34633034
34634963	34635675
34635679	34635808
34638155	34638379
34638735	34638955
34640580	34640812
34648921	34649106
34652063	34652298
34655344	34655514
34660434	34660634
34666209	34666378
34668501	34668891
34697275	34697444
34707812	34707993
34713302	34713482
34715564	34716000
34717561	34717761
34721415	34721862
34725073	34725254
34725925	34726101
34727625	34727931
34775818	34776044
34783047	34783250
34783650	34783770
34783773	34783893
34787098	34787218
34787223	34787343
34793734	34793933
34799141	34799359
34804424	34804605
34804952	34805178
34809097	34809276
34823004	34823124
34823129	34823249
34827965	34828164
34828258	34828428
34832614	34832734
34832739	34832859
34837539	34837659
34837664	34837784
34839330	34839495
34841011	34841189
34851063	34851228
34860542	34861730
34870843	34871048
34871422	34871552
34876409	34876859
34877775	34877985
34878291	34878420
34882055	34882229
34883514	34883714
34889283	34889490
34889644	34889963
34892655	34892842
34893182	34893349
34894458	34894628
34897031	34897354
34900507	34900679
34900780	34900901
34901090	34901263
34902042	34902163
34902987	34903107
34903108	34903228
34903737	34903858
34904608	34904818
34906836	34907073
34907469	34907643
34911446	34911566
34911568	34911688
34915360	34915539
34918480	34918697
34921779	34923759
34924099	34925629
34925633	34926139
34926144	34926398
34926399	34926565
34926569	34927329
34927468	34927559
34927589	34927719
34929544	34929674
34929746	34929918
34931629	34931759
34931822	34931952
34932042	34932402
34939536	34939659
34941348	34941478
34941752	34941949
34944766	34944991
34945709	34945839
34947936	34948130
34948135	34948255
34948642	34948772
34950636	34950833
34951744	34951874
34953584	34953704
34953709	34953829
34954277	34954543
34955779	34955945
34956904	34957133
34958277	34958476
34959796	34960030
34960607	34960991
34962098	34962290
34963361	34963593
34967695	34967897
34967899	34968166
34968355	34968544
34969518	34969689
34971438	34971604
34974492	34974657
34975684	34975863
34985785	34985977
34988864	34988986
34994281	34994478
34996938	34997119
35003732	35003967
35012407	35012527
35012532	35012652
35013474	35013643
35091028	35091209
35093422	35093592
35094883	35095008
35107287	35107571
35122370	35122566
35124093	35124266
35127512	35127704
35134103	35134305
35138167	35138386
35139939	35140118
35144318	35144495
35144500	35144620
35147027	35147428
35153680	35153808
35154272	35154464
35166658	35166870
35169710	35169997
35172107	35172289
35174661	35174858
35183171	35183456
35186149	35186348
35189462	35189582
35189583	35189846
35190514	35190736
35191501	35191712
35195831	35196036
35199014	35199190
35201143	35201383
35202014	35202137
35206694	35206817
35208842	35208972
35209143	35209268
35228969	35229142
35230951	35231143
35237404	35237604
35239534	35239726
35247658	35247778
35247782	35247902
35254587	35254778
35255769	35255974
35257236	35257432
35257624	35257826
35258514	35258754
35260382	35260605
35275856	35275986
35276119	35276239
35276244	35276364
35278966	35279056
35279065	35279155
35279558	35279678
35279683	35279803
35281307	35281427
35281432	35281552
35284605	35284776
35286678	35286868
35287910	35288113
35445880	35446000
35446005	35446125
35467454	35469618
35497608	35497848
35514655	35514861
35742755	35743094
35751745	35751911
35757815	35758020
35772042	35772248
35772562	35773389
35774367	35774560
35788080	35788180
35791510	35791946
35796059	35796291
35821512	35821881
35890380	35890572
35893618	35894016
35895837	35896015
35897362	35897548
35898952	35899133
35985947	35986186
35987049	35987233
36041637	36042128
36042176	36042323
36042418	36042947
36042950	36043080
36078179	36078309
36079559	36079682
36080237	36080427
36080974	36081163
36081599	36081788
36088650	36088837
36164338	36164946
36170267	36170491
36171570	36171796
36193932	36194133
36206398	36206839
36228593	36228777
36231662	36231952
36252830	36253059
36259189	36259452
36261924	36262149
36265165	36265344
36410710	36410831
36411002	36411123
36419922	36420043
36421060	36421229
36422310	36422432
37092966	37093171
37408331	37408563
37410446	37410614
37412764	37412957
37413985	37414188
37416069	37416251
37417871	37418358
37420503	37420720
37425796	37425975
37429369	37429536
37429594	37429684
37429699	37429789
37431043	37431224
37442402	37442532
37442622	37442749
37443245	37443410
37443414	37443534
37444120	37444335
37444423	37445160
37507479	37507609
37507699	37507826
37510093	37510258
37518385	37518870
37537037	37537210
37571388	37571601
37572587	37572800
37580949	37581152
37583751	37583950
37584210	37584437
37586330	37586450
37586455	37586575
37586722	37586905
37591622	37591806
37595510	37595697
37597831	37598066
37599916	37600036
37600040	37600160
37602734	37603477
37605146	37605441
37609481	37609686
37610815	37610999
37612030	37612248
37617361	37617730
37617733	37618496
37618499	37619021
37619745	37619916
37620652	37620772
37620773	37620893
37623424	37623634
37626013	37626180
37632912	37633087
37635830	37635997
37635998	37636118
37642248	37642431
37649235	37649355
37649359	37649479
37650262	37650545
37650546	37650666
37652562	37652770
37653779	37653902
37660248	37660430
37661033	37661232
37661318	37661511
37664402	37664527
37665584	37665868
37692445	37692624
37705916	37706037
37709152	37709366
37710041	37710253
37711082	37711271
37713726	37713922
37716857	37717026
37717107	37717335
37721545	37721721
37728915	37729123
37732219	37732530
37734406	37734527
37736395	37736515
37736516	37736636
37741324	37742221
37744669	37744876
37747394	37747559
37749687	37749859
37752498	37752627
37758434	37758629
37759867	37760104
37763784	37763904
37763909	37764029
37766853	37767021
37769639	37769759
37769763	37769883
37771738	37771858
37771863	37771983
37775017	37775184
37780999	37781122
37781674	37781849
37783788	37783986
37785187	37785480
37785567	37785697
37787553	37787725
37788456	37788666
37833271	37833972
38072019	38072201
38081436	38081817
38084832	38085007
38092133	38092338
38095265	38095435
38098455	38098665
38103250	38103460
38114042	38114253
38115727	38115898
38117007	38117470
38117472	38117592
38117963	38118162
38119925	38120049
38120118	38120241
38120305	38120426
38126564	38126793
38128789	38129009
38131289	38131519
38132041	38132221
38137230	38137435
38139397	38139594
38269195	38269466
38302555	38302776
38308695	38309671
38311114	38311347
38334294	38334484
38338740	38338942
38378965	38379186
38380348	38380468
38380472	38380592
38385734	38385939
38390145	38390614
38437844	38437964
38437969	38438089
38439513	38439692
38441728	38441848
38441850	38441970
38444343	38444547
38444667	38444787
38444790	38444910
38459651	38459781
38460068	38460250
38460593	38460723
38461167	38461288
38462416	38462536
38462541	38462661
38463681	38463802
38466184	38466304
38466309	38466429
38467719	38467841
38468769	38468889
38468894	38469014
38470140	38470260
38470265	38470385
38480576	38480696
38480701	38480821
38494200	38494330
38495162	38495282
38495287	38495407
38497007	38497128
38498268	38498388
38498393	38498513
38501245	38501454
38504901	38505021
38505026	38505146
38507704	38507896
38510851	38510971
38510976	38511096
38512873	38513079
38516907	38517037
38519864	38519992
38520916	38521037
38522434	38522555
38523009	38523129
38523134	38523254
38524283	38524413
38525203	38525359
38525494	38525624
38528907	38529037
38529127	38529257
38529445	38529651
38531881	38532001
38532006	38532126
38532992	38533112
38533114	38533234
38534185	38534305
38534310	38534430
38536437	38536567
38537790	38537880
38537887	38537977
38538066	38538196
38538313	38538652
38538661	38538751
38538831	38538961
38539746	38539866
38539871	38539991
38544993	38545123
38555167	38555297
38558015	38558180
38559417	38559547
38560803	38560977
38563557	38563677
38563682	38563802
38564485	38564608
38567913	38568284
38569961	38570086
38570211	38570410
38572436	38572556
38572561	38572681
38573706	38573936
38592552	38592673
38593448	38593877
38597731	38597964
38599908	38600075
38600556	38600761
38604669	38604839
38605563	38605788
38610710	38610921
38612716	38612913
38639484	38639652
38792573	38792747
38836482	38836660
38844943	38845063
38845066	38845186
38850432	38850609
38852910	38853078
38858775	38858956
38862502	38862765
38865312	38865494
38868415	38868592
38877535	38877655
38877658	38877863
38878340	38878670
38884149	38884356
38884437	38884807
38997388	38997775
39086527	39087495
39089307	39089516
39212810	39213019
39325077	39325288
39426967	39427161
39471368	39471582
39492366	39492552
39493155	39493353
39494382	39494550
39526581	39526680
39528384	39528551
39580307	39580599
39671216	39671554
39671555	39671894
39671897	39672318
39739482	39739716
39755322	39755753
39755755	39755875
39762854	39763023
39763492	39763687
39764191	39764422
39772221	39772427
39772431	39772551
39774459	39774582
39775437	39775638
39795363	39795567
39817357	39817580
39818699	39818891
39822740	39822913
39823077	39823274
39870142	39870339
39947482	39947722
40177201	40177490
40177827	40178054
40181925	40182110
40184841	40185069
40186113	40186233
40186238	40186358
40186756	40186936
40188886	40189107
40190413	40190619
40191377	40191663
40193406	40193632
40194662	40194834
40250404	40250524
40250529	40250779
40250784	40250904
40547430	40547661
40549324	40549491
40550357	40550577
40551784	40551967
40552179	40552366
40553686	40553871
40555154	40555341
40559014	40559365
40566546	40566725
40568160	40568443
40568445	40568867
40568872	40569310
40570744	40571092
40571093	40571601
40572109	40572323
40574296	40574470
40578007	40578190
40581914	40582084
40582645	40582856
40584507	40584675
40585312	40585531
40587069	40587294
40590095	40590262
40590424	40590598
40596257	40596461
40597004	40597170
40600349	40600532
40601213	40601387
40604101	40604479
40608565	40608757
40610402	40610586
40619638	40619848
40622714	40622895
40627548	40627779
40630416	40630600
40636372	40636623
40636815	40636999
40641736	40641961
40642173	40642349
40646219	40646391
40648065	40648262
40649103	40649282
40650641	40650808
40652061	40652227
40665710	40665890
40667702	40667873
40668146	40668337
40670428	40670557
40684653	40684773
40684778	40684898
40684967	40685163
40685167	40685287
40685298	40685419
40685924	40686364
40715000	40715100
40717177	40717306
40717693	40717864
40719312	40719487
40720274	40720445
40720726	40720847
40721374	40721549
40752296	40752463
40762603	40762723
40762728	40762848
40763625	40763790
40765099	40765274
40768760	40768940
40777809	40778638
40781896	40782066
40782118	40782283
40782731	40782959
40783637	40783826
40792616	40792793
40794875	40795416
40800043	40800433
40823847	40824150
40834338	40834523
40847051	40847223
40871694	40871922
40880873	40881078
40883571	40883691
40883693	40883813
40887004	40887212
40969671	40969967
40977847	40978070
40978151	40978333
40981403	40981624
40984096	40984324
41032430	41033392
41117441	41117533
41137404	41137787
41142870	41143189
41151033	41151264
41160055	41160259
41163937	41164102
41165391	41165591
41173094	41173332
41239381	41239572
41270308	41270502
41297907	41298147
41300886	41301114
41384913	41385319
41414310	41414625
41416021	41416141
41416144	41416264
41423802	41424020
41427661	41427835
41434724	41434893
41447006	41447214
41450673	41450940
41452042	41452267
41455767	41455984
41457538	41457746
41459038	41459269
41465582	41465820
41496063	41496233
41505810	41505986
41514466	41514654
41516424	41516700
41539033	41539238
41550894	41551078
41559036	41559252
41559705	41559913
41560924	41561154
41584196	41584435
41647971	41648183
41667951	41668164
41684017	41684329
41710079	41710350
41711106	41711384
41719615	41719794
41719799	41719919
41725409	41725735
41740959	41741177
42064731	42064959
42080360	42080555
42080559	42080764
42218499	42218620
42539430	42539605
42540197	42540535
42551438	42551568
42598133	42598299
42609395	42609616
42613766	42613959
42615292	42615529
42617856	42617976
42617981	42618101
42622650	42622861
42629018	42629234
42647294	42647485
42647488	42647608
42676044	42676164
42676166	42676286
42688769	42688978
42694504	42694756
42694759	42694933
42710259	42710476
42716352	42716550
42717536	42717746
42718880	42719052
42720473	42720687
42729009	42729213
42735582	42735846
42735848	42736051
42748796	42749075
42749669	42749789
42749794	42749914
42751896	42752130
42754253	42754487
42762439	42762560
42767494	42767724
42769494	42769696
42770755	42770957
42771031	42771259
42773843	42774025
42775187	42775354
42775483	42775668
42778666	42778929
42779900	42780163
42803916	42804092
42807847	42807968
42808956	42809146
42811550	42811775
42812773	42812903
42813624	42813852
42815676	42815906
42817293	42817530
42817937	42818061
42821078	42821266
42822969	42823193
42824535	42824806
42830472	42830649
42830653	42830773
42837917	42838120
42839593	42839784
42840280	42840492
42842459	42842694
42843725	42843936
42845246	42845469
42848411	42848589
42850991	42851198
42852393	42852514
42860304	42860528
42861428	42861599
42866247	42866610
42869951	42870122
42879792	42880009
43132942	43133159
43133618	43133817
43134003	43134434
43161058	43162191
43163965	43164262
43165905	43166072
43166203	43166428
43166809	43167010
43169212	43169381
43171288	43171493
43176729	43177035
43187006	43187172
43221390	43221934
43222839	43223029
43224624	43224801
43230537	43230731
43231107	43231272
43236043	43236214
43239913	43240088
43240430	43240652
43241343	43241565
43242262	43242428
43243475	43243788
43246225	43246457
43248559	43248746
43254530	43254660
43255432	43255664
43256128	43256364
43256623	43256822
43258061	43258266
43259720	43260002
43267122	43267350
43274708	43274987
43277278	43277513
43279172	43279355
43279701	43279870
43280415	43280537
43281719	43281923
43281935	43282117
43287358	43287486
43291617	43291819
43298726	43298929
43299104	43299269
43299337	43299458
43309269	43309472
43314747	43315203
43319191	43319516
43321685	43321911
43325727	43325947
43327136	43327319
43327788	43327959
43329557	43329727
43332445	43332566
43334723	43334910
43338192	43338362
43338970	43339171
43342046	43342174
43362245	43362464
43373461	43373758
43410954	43411242
43411244	43413536
43413539	43413791
43413795	43414239
43442190	43442472
43491348	43491572
43496065	43496366
43504111	43504317
43505344	43505537
43506566	43506687
43508454	43508658
43510341	43510521
43513950	43514180
43518994	43519247
43521708	43521883
43522226	43522403
43523698	43524144
43528396	43528609
43529583	43529788
43530935	43531297
43531472	43531831
43533667	43533990
43535988	43536116
43539256	43539438
43541162	43541400
43542912	43543032
43543037	43543319
43546443	43546613
43547062	43547318
43547799	43548022
43548087	43548278
43549783	43549986
43557585	43557706
43621761	43621943
43639371	43639497
43640076	43640269
43645703	43646003
43676306	43676426
43676429	43676599
43676600	43676720
43679397	43679571
43680108	43680331
43691135	43691300
43693356	43693476
43693481	43693601
43696974	43697168
43702413	43702618
43704622	43704796
43705944	43706109
43707972	43708428
43710141	43710261
43710266	43710386
43711125	43711294
43711535	43711730
43714654	43714836
43716250	43716537
43720547	43720785
43732170	43732391
43733590	43733827
43735428	43735688
43766509	43766690
43767529	43767745
43769965	43770151
43770925	43771045
43771049	43771169
43782553	43782720
43783305	43783496
43786505	43786721
43792811	43792986
43795738	43795956
43796642	43796832
43800229	43800433
43802072	43802358
43802830	43803047
43803104	43803332
43803855	43803975
43803977	43804182
43805522	43805741
43808430	43808619
43809044	43809221
43809942	43810133
43815428	43815665
43816007	43816192
43823952	43824186
43826304	43826491
43829531	43829735
43830093	43830279
43833069	43833288
43833532	43833707
43836572	43836702
43838465	43838680
43846745	43846979
43852206	43852422
43854891	43855102
43857521	43857690
43862540	43862762
43863320	43863557
43864615	43864840
43867131	43867307
43892851	43893017
43896002	43896193
43897438	43897562
43902623	43902838
43905686	43905899
43906396	43906584
43912865	43913269
43916139	43916321
43938498	43938732
43945883	43946049
43954795	43955024
43955514	43955683
43959645	43959825
43962509	43962674
43963492	43963722
43967183	43967381
43974142	43974314
43979088	43979294
43982070	43982190
43982195	43982315
43983908	43984098
43984741	43984924
43985915	43986118
43987059	43987282
43988376	43988571
43994933	43995138
43999804	44000030
44000353	44000541
44073876	44074041
44106178	44106386
44107989	44108212
44117421	44117541
44117543	44117663
44118940	44119177
44151870	44152259
44153455	44153635
44163805	44163979
44171141	44171321
44173979	44174190
44179068	44179276
44180404	44180575
44180933	44181125
44182139	44182349
44185426	44185629
44185634	44185754
44188247	44188478
44189145	44189348
44190738	44190941
44192527	44192721
44195315	44195438
44270132	44270252
44270257	44270377
44272355	44272521
44273727	44273899
44274646	44274850
44275678	44275798
44275803	44275923
44279729	44279963
44282339	44282570
44283508	44283628
44283630	44283750
44293672	44293893
44296765	44296887
44299489	44299718
44313402	44313607
44317000	44317179
44323231	44323583
44323588	44324349
44326829	44327025
44328918	44329108
44338608	44338698
44338713	44338865
44338984	44339114
44370974	44371065
44424428	44424652
44427561	44427727
44430145	44430322
44433135	44433329
44436961	44437081
44437083	44437203
44438168	44438336
44441315	44441519
44444902	44445089
44448763	44449044
44449943	44450147
44452243	44452364
44473890	44474105
44475801	44476173
44476854	44477060
44478242	44478419
44478898	44479128
44479290	44479456
44480465	44480651
44482377	44482576
44483076	44483287
44484004	44484216
44485237	44485779
44486363	44486580
44487747	44487982
44488629	44488794
44492037	44492255
44513247	44513377
44514635	44514800
44515611	44515805
44515810	44515930
44520453	44520573
44520578	44520698
44521393	44521599
44524501	44524622
44527494	44527704
44579343	44579928
44581164	44581370
44589194	44589403
44589785	44589991
44590434	44590554
44590556	44590733
44592191	44592374
44836561	44836944
44837419	44837703
44838168	44838468
44838925	44839362
44839748	44839921
44840094	44840287
44840922	44841309
44841560	44841681
44841789	44842009
44845221	44845387
44845895	44846063
44949695	44949877
44985082	44985237
45011994	45012218
45033685	45033865
45050134	45050339
45053081	45053201
45053206	45053326
45064064	45064295
45076435	45076620
45077889	45078121
45079544	45079714
45089717	45089910
45092171	45092367
45093701	45093876
45094497	45094618
45094827	45095033
45096024	45096257
45096654	45096832
45103124	45103289
45104348	45104526
45105676	45105797
45106650	45106882
45107370	45107546
45107550	45108082
45110121	45110290
45111238	45111415
45113084	45113204
45113209	45113329
45139175	45139365
45152227	45152347
45152352	45152530
45153850	45154034
45156891	45157021
45161499	45161669
45163507	45163688
45165864	45166098
45168875	45168996
45170302	45170422
45170425	45170545
45172394	45172616
45173412	45173605
45175486	45175654
45175806	45175926
45175930	45176050
45193751	45193982
45194004	45194124
45194125	45194245
45194531	45194711
45196072	45196257
45209454	45209633
45210749	45210968
45211181	45211310
45212530	45212732
45213081	45213284
45215021	45215141
45215142	45215262
45217279	45217588
45217774	45217971
45219376	45219554
45220312	45220490
45220708	45220898
45222157	45222336
45223322	45223644
45374939	45375170
45379546	45379735
45387825	45387993
45388979	45389167
45390529	45390649
45390652	45390772
45391195	45391374
45397841	45398007
45400810	45400930
45400931	45401051
45402141	45402335
45404571	45404789
45404934	45405198
45432358	45432479
45451947	45452114
45457634	45457816
45472125	45472309
45475606	45475803
45478936	45479056
45479061	45479181
45479321	45479527
45482814	45482996
45483397	45483602
45483606	45483726
45494204	45494390
45494906	45495123
45496373	45496612
45497514	45497684
45499397	45499631
45499854	45500069
45502619	45503194
45503910	45504116
45506658	45506829
45507515	45507779
45509277	45509397
45509401	45509521
45509682	45509802
45509804	45509924
45511813	45512024
45513980	45514151
45518195	45518419
45522653	45522773
45522776	45522896
45523170	45523290
45523292	45523496
45527191	45527386
45528789	45528993
45533532	45533736
45533948	45534068
45534071	45534191
45534452	45534620
45535147	45535324
45535574	45535877
45537660	45537834
45538594	45538763
45539290	45539489
45540225	45540418
45540422	45540673
45540802	45540983
45542022	45542224
45544371	45544598
45545805	45545988
45546708	45546875
45547776	45548267
45548314	45548531
45550478	45550655
45553492	45553693
45553947	45554169
45555835	45555955
45555959	45556079
45557094	45557262
45560054	45560234
45560852	45561111
45561114	45561300
45563027	45563259
45564664	45564832
45565347	45565520
45642838	45643010
45648873	45649047
45649420	45649540
45649542	45649965
45651200	45651381
45655146	45655405
45656739	45657115
45658308	45658495
45660648	45660851
45666260	45666427
45668816	45668999
45670711	45671195
45671383	45671594
45674421	45674586
45675949	45676152
45678397	45678612
45679367	45679661
45680625	45680753
45680929	45681134
45705905	45706114
45706445	45706634
45706775	45707001
45707334	45707512
45708156	45708348
45709485	45709663
45709855	45710050
45710641	45711063
45712077	45712277
45712849	45713061
45713655	45713885
45714266	45714497
45716145	45716343
45717431	45717551
45717556	45717676
45719947	45720116
45724016	45724136
45724141	45724261
45725145	45725320
45725664	45725833
45726521	45726720
45730807	45730995
45731919	45732136
45732820	45732940
45732945	45733065
45733428	45733659
45733787	45734000
45736099	45736365
45738261	45738477
45739158	45739334
45739915	45740093
45741598	45741813
45741907	45742111
45742785	45742986
45743631	45743809
45744361	45744538
45744678	45744855
45744976	45745153
45745830	45746151
45746557	45746757
45750133	45750834
45751759	45751963
45752827	45752947
45752950	45753155
45753873	45754173
45755598	45755768
45757453	45757649
45758054	45758174
45758177	45758297
45758978	45759099
45773603	45773768
45774509	45774683
45783988	45784204
45786663	45786832
45789063	45789261
45795682	45795893
45797550	45797787
45798935	45799102
45802523	45802696
45810691	45810917
45811112	45811373
45811378	45811498
45815322	45815488
45817583	45817769
45819108	45819309
45820132	45820262
45821605	45821774
45824921	45825131
45825764	45825938
45826443	45826658
45833714	45833947
45837765	45837963
45838280	45838455
45842178	45842389
45843428	45843626
45844652	45844878
45845519	45845715
45846458	45846626
45846861	45846981
45846985	45847105
45854971	45855175
45856912	45857080
45858957	45859123
45860625	45860793
45861549	45861750
45876485	45877254
45919659	45919834
45924654	45924777
45928718	45928901
45929123	45929248
45937618	45937738
45937739	45937859
45938054	45938220
45938499	45938695
45941772	45942039
45945572	45945833
45947132	45947451
45948351	45948536
45949633	45949809
45950924	45951094
45951503	45951743
45953522	45953817
45959203	45959291
45959514	45959632
45959904	45959995
45970534	45970634
45970700	45970959
45971206	45971356
45977860	45977987
45978513	45978613
45987626	45987825
45993573	45993673
45994399	45994519
45994533	45994648
45994728	45994883
45999658	45999781
45999858	45999974
46000314	46000464
46011221	46011455
46012301	46012401
46020480	46020580
46021180	46021360
46021535	46021665
46032043	46032244
46032353	46032548
46032594	46032685
46032751	46032851
46047360	46047545
46047555	46047679
46047805	46047970
46057319	46057434
46057480	46057570
46057571	46057694
46057709	46057837
46057902	46058136
46066702	46066793
46066928	46067028
46067186	46067316
46074130	46074404
46074405	46074525
46077844	46078127
46086457	46086730
46101829	46101952
46117441	46117557
46117698	46117824
46131251	46131458
46191302	46191490
46193489	46193694
46194486	46194688
46197175	46197368
46198986	46199222
46207761	46207994
46221559	46221726
46226725	46226845
46226850	46226970
46228407	46228535
46228897	46229018
46233804	46234100
46237768	46237946
46271253	46271571
46275064	46275239
46276050	46276170
46276172	46276292
46281016	46281248
46281652	46281853
46285240	46285423
46293402	46293666
46306261	46306445
46306645	46306829
46308612	46308802
46309185	46309367
46309927	46310211
46311720	46311914
46313323	46313506
46314819	46315000
46318920	46319104
46320157	46320354
46321418	46321676
46323274	46323448
46326773	46326962
46327868	46328051
46330180	46330373
46330483	46330667
46354095	46354298
46354714	46354999
46355469	46355791
46357447	46357568
46359399	46359525
46359911	46360079
46363687	46363808
46380047	46380168
46387044	46387174
46388961	46389144
46392980	46393104
46396538	46396638
46554572	46554738
46564521	46564725
46572528	46572695
46591456	46591635
46595568	46595772
46595775	46596547
46600259	46600444
46602426	46602635
46603270	46603482
46604425	46604516
46604795	46604964
46624505	46624717
46640722	46640910
46641868	46642064
46645373	46645605
46685430	46685609
46686072	46686251
46687371	46687491
46687496	46687696
46689694	46689897
46696844	46697046
46697991	46698179
46702267	46702451
46702722	46702888
46703311	46703497
46705309	46705879
46707594	46707795
46825080	46825201
46825275	46825396
46841287	46841568
46842276	46842446
46875465	46875733
46875735	46876855
46888106	46888643
46893788	46893999
46895345	46895580
46896285	46896452
46897314	46897514
46897631	46897889
46898199	46898412
46899797	46900075
46900276	46900488
46900583	46900801
46901750	46901958
46902118	46902308
46902570	46902764
46906679	46906914
46907314	46907504
46908188	46908420
46909364	46909572
46910155	46910346
46910644	46910817
46911042	46911246
46912386	46912595
46913064	46913268
46913326	46913495
46914331	46914529
46914698	46914865
46915217	46915401
46916236	46916495
46916860	46917076
46917475	46917695
46918101	46918201
46918376	46918581
46923783	46923996
46924281	46924513
46925002	46925285
46925727	46925918
46927444	46927623
46929266	46929552
46930013	46930238
46930958	46931128
46932092	46932326
46934888	46935104
46935563	46936123
46945758	46945924
46950669	46950855
46951333	46951762
46951765	46952104
46954360	46954553
46957714	46957882
47269869	47270051
47316162	47316287
47319421	47319599
47320412	47320583
47320851	47321035
47329172	47329388
47330834	47331095
47331096	47331296
47333826	47334038
47337514	47337687
47349727	47349847
47349851	47349971
47350612	47350791
47355203	47355459
47359901	47360071
47361519	47361639
47361644	47361764
47401756	47401973
47402561	47402739
47404240	47404405
47406361	47406575
47406871	47407154
47407332	47407537
47408877	47409066
47409554	47409739
47410185	47410361
47410563	47410776
47410879	47411054
47411950	47412138
47412152	47412336
47412615	47412830
47414031	47414151
47414153	47414273
47417243	47417412
47417485	47417691
47417973	47418170
47418283	47418461
47418714	47418886
47418985	47419161
47419537	47419736
47420198	47420370
47420594	47420765
47421160	47421339
47421794	47421989
47422098	47422355
47422359	47422617
47422956	47423133
47423302	47423936
47424450	47424671
47531374	47531496
47531876	47532496
47532625	47532795
47533887	47534011
47535732	47535942
47536160	47536349
47536556	47536771
47537235	47537402
47537753	47537970
47538490	47538684
47538845	47539030
47539686	47539894
47540413	47540582
47540864	47541049
47541398	47541563
47541980	47542192
47542299	47542471
47542657	47542862
47544531	47544724
47544767	47544971
47545152	47545531
47545691	47546132
47546341	47546520
47548732	47548931
47549138	47549410
47551863	47552552
47556253	47556429
47556701	47557021
47557091	47557267
47558427	47558634
47558740	47558918
47565323	47565493
47565751	47565872
47566147	47566312
47570047	47570230
47570235	47570485
47571453	47571629
47571802	47571997
47572722	47572936
47573994	47574195
47575323	47575498
47581243	47581413
47581417	47581589
47581824	47582032
47588229	47588642
47602589	47602760
47608451	47608711
47609568	47609791
47611039	47611206
47611788	47611996
47612451	47612566
47614422	47614640
47615474	47615684
47616103	47616295
47625733	47625906
47626586	47626774
47627336	47627559
47628142	47628323
47629395	47629582
47630487	47630695
47632794	47632994
47633632	47633830
47635098	47635312
47635587	47635773
47636265	47636478
47639324	47639505
47641767	47641977
47642487	47642708
47647487	47647696
47648335	47648705
47650314	47650514
47655217	47655405
47656715	47656895
47660783	47660950
47662646	47662845
47663332	47663618
47664787	47665162
47666212	47666394
47666487	47666785
47669448	47669644
47671429	47671605
47674271	47674391
47674393	47674513
47674666	47674872
47676758	47676963
47678772	47678974
47680697	47680881
47681214	47681342
47683918	47684038
47684043	47684163
47685213	47685333
47685335	47685455
47685794	47685914
47685918	47686084
47686833	47687061
47690269	47690462
47692405	47692714
47693237	47693357
47693361	47693481
47695126	47695310
47697477	47697693
47699928	47700127
47700391	47700612
47703480	47703688
47703985	47705226
47706793	47706979
47711267	47711447
47716005	47716173
47717449	47717660
47720619	47720740
47721891	47722096
47722388	47722596
47731293	47731468
47734627	47735037
47735275	47735503
47737092	47737293
47737892	47738073
47742467	47742589
47744061	47744247
47746242	47746460
47754265	47754410
47754603	47754733
47765955	47766124
47766572	47766860
47767310	47767483
47768966	47769163
47769544	47769784
47771306	47771525
47773063	47773232
47773818	47773996
47775291	47775510
47776939	47777137
47783357	47783819
47786445	47786989
47801588	47801805
47805696	47805868
47808593	47808807
47809034	47809164
47809254	47809384
47810506	47810719
47811026	47811228
47817189	47817473
47817904	47818024
47818028	47818193
47819556	47819729
47821440	47821612
47822258	47822423
47831045	47831414
47831419	47831960
47832759	47832889
47835946	47836746
47838112	47838331
47841867	47842051
47845745	47845956
47847496	47847700
47848258	47848456
47849894	47850080
47850369	47850538
47851370	47851915
47851916	47852083
47855756	47856044
47856805	47856985
47858040	47858219
47859932	47860052
47860056	47860176
47860777	47861028
47862366	47862486
47862490	47862610
47863633	47863873
47864606	47864829
47865148	47865338
47878933	47879158
47904622	47904787
47910449	47910614
47916853	47917056
47918417	47918718
47924173	47924378
47929185	47929360
47931265	47931385
47931386	47931506
47949007	47949173
47951992	47952112
47952114	47952234
47953454	47953650
47953928	47954102
47954426	47954593
47957044	47957253
47957352	47957531
47958409	47958609
47959754	47959957
47961648	47961826
47965053	47965230
47965731	47965942
47966827	47967052
47969634	47969754
47969759	47969879
47970508	47970707
47971476	47971681
47971682	47971802
47974049	47974264
47974489	47974893
47975873	47976106
47976172	47976294
47976793	47976963
47977534	47977741
47978143	47978468
47980558	47980774
47981517	47981736
47983653	47983850
47985553	47985777
47986399	47986601
47987245	47987365
47987366	47987536
48019233	48019460
48020133	48020223
48020236	48020326
48022172	48022400
48056831	48057006
48063377	48063497
48063500	48063620
48064186	48064424
48068342	48068517
48069454	48069832
48071771	48071978
48072687	48072856
48078618	48078846
48080737	48080975
48081676	48081855
48083297	48083488
48084179	48084354
