16157525	16157634
16157737	16157950
17052932	17053022
17053961	17054051
17054265	17054425
17055390	17055538
17060270	17060407
17060744	17060901
17061814	17061904
17061915	17062170
17063382	17063503
17071773	17072278
17072288	17072408
17072423	17072945
17073038	17073159
17073300	17073441
17156065	17156155
17156460	17156550
17156757	17156847
17158081	17158265
17170971	17171118
17171131	17171221
17171394	17171550
17172842	17172932
17175457	17175547
17175556	17175646
17176194	17176284
17177649	17177739
17178121	17178211
17178445	17178583
17178672	17178919
17182075	17182223
17182994	17183084
17184900	17184990
17185193	17185283
17264599	17264783
17264829	17264951
17265118	17265283
17280621	17280883
17288668	17289003
17325309	17325510
17325697	17325902
17326840	17327012
17395229	17395414
17395674	17395802
17443646	17443823
17444623	17444793
17445593	17445779
17446036	17446226
17447029	17447324
17449102	17449288
17450872	17451132
17468901	17469100
17472814	17473114
17488823	17489039
17565889	17566129
17577918	17578086
17578604	17578828
17579630	17579861
17581174	17581367
17582853	17583177
17584323	17584528
17585623	17585826
17586335	17586530
17586713	17586833
17586835	17586955
17588547	17588724
17589183	17589462
17589465	17589801
17589804	17590140
17590145	17590650
17590655	17590775
17600202	17601088
17601177	17601520
17601568	17602039
17602800	17603033
17603455	17603661
17605498	17605667
17611224	17611415
17618936	17619316
17619491	17619694
17621897	17622017
17622018	17622138
17622241	17622434
17623890	17624069
17625878	17626110
17629318	17629550
17630462	17630694
17639942	17640063
17640139	17640399
17646111	17646351
17662316	17662487
17662728	17662848
17662853	17662973
17663411	17663643
17669197	17669365
17670822	17671002
17671006	17671208
17672529	17672704
17680389	17680555
17684506	17684680
17687919	17688117
17690177	17690553
17956057	17956290
17956564	17956772
17976384	17976504
17976508	17976628
17978468	17978635
17979649	17979823
17981977	17982185
17983800	17984039
17990786	17990906
17990907	17991027
18003091	18003301
18004599	18004699
18016811	18016998
18018267	18018438
18018667	18018839
18020119	18020377
18020380	18020500
18021428	18021661
18021885	18022050
18022053	18022223
18022224	18022761
18027807	18027927
18027932	18028267
18028269	18029242
18029980	18030101
18031648	18031768
18031771	18031891
18032491	18032615
18062641	18062761
18062762	18062882
18063726	18063932
18064087	18064253
18065297	18065531
18066169	18066386
18069838	18070043
18070666	18070786
18070790	18070910
18072237	18072435
18072883	18073060
18075435	18075556
18077293	18077494
18081036	18081157
18082755	18082876
18083918	18084039
18095560	18095681
18096050	18096171
18102086	18102216
18111339	18111518
18138430	18138604
18165885	18166090
18171710	18171950
18178858	18179025
18184968	18185183
18189451	18189634
18209409	18209869
18209873	18210332
18218190	18218409
18220747	18220943
18222141	18222327
18222818	18223023
18226626	18226803
18232844	18233035
18246898	18247059
18256367	18256570
18257140	18257261
18273446	18274069
18291605	18291814
18293458	18293627
18299376	18299562
18300129	18300725
18300730	18301918
18304117	18304307
18304727	18304946
18305703	18305889
18310395	18310635
18314692	18314927
18317307	18317437
18324477	18324597
18324599	18324806
18325298	18325532
18347453	18347832
18348668	18348836
18354627	18354798
18355503	18355670
18358181	18358366
18362096	18362278
18363856	18363976
18363981	18364101
18367028	18367244
18368572	18368795
18369869	18370155
18371818	18372003
18374189	18374424
18376544	18376782
18378019	18378196
18378926	18379046
18379048	18379168
18379423	18379732
18382120	18382353
18383554	18383746
18384584	18384794
18385366	18385549
18387494	18387624
18389314	18389572
18463637	18463840
18560919	18561200
18561201	18561644
18562607	18562727
18562730	18562850
18566203	18566509
18567878	18568067
18570712	18570920
18570922	18571042
18593534	18593654
18593655	18593775
18604156	18604278
18604345	18604466
18606887	18607081
18609052	18609173
18609330	18609451
18609565	18609785
18613696	18613889
18628348	18628750
18640423	18640621
18642866	18643067
18644521	18644711
18649977	18650129
18650659	18650826
18652550	18652741
18653504	18653659
18655875	18656082
18656529	18656690
18775072	18775188
18775202	18775317
18775331	18775421
18893960	18894125
18896143	18896288
18897494	18897796
18898298	18898428
18898965	18899174
18900729	18901084
18904404	18904533
18905799	18905940
18905943	18906033
18906928	18907048
18907138	18907358
18908842	18908963
18909827	18909965
18910347	18910474
18910549	18910729
18912537	18912727
18913124	18913311
18918561	18918729
18923623	18923788
19026322	19026650
19028497	19028773
19029303	19029494
19034117	19034350
19035998	19036207
19044424	19044629
19048328	19048505
19050658	19050779
19052398	19052632
19055631	19055820
19076779	19076984
19109566	19109777
19118553	19119328
19119331	19119498
19119588	19120013
19121706	19121826
19121828	19122024
19122579	19122791
19124835	19125045
19125681	19125943
19126695	19126869
19127056	19127536
19130093	19130266
19130269	19130395
19131925	19132128
19136400	19136611
19137149	19137486
19137628	19137751
19163651	19163858
19163875	19164154
19164252	19164461
19164552	19164672
19164677	19164797
19165293	19165922
19165989	19166116
19167638	19167803
19168226	19168423
19170906	19171079
19171951	19172128
19175110	19175316
19175468	19175650
19178734	19178930
19183758	19184102
19187142	19187347
19188873	19189082
19195597	19195792
19196448	19196688
19197779	19197969
19203629	19203801
19207292	19207516
19208899	19209163
19209414	19209598
19210185	19210368
19211404	19211614
19213022	19213227
19213775	19213977
19217366	19217531
19219917	19220037
19220041	19220161
19220706	19220826
19220830	19221081
19221085	19221205
19222087	19222252
19223198	19223370
19226701	19226926
19230260	19230500
19241410	19241728
19245366	19245466
19263093	19263328
19279052	19279237
19318688	19318942
19318944	19319133
19338829	19338951
19340798	19341020
19341535	19341707
19343273	19343481
19343695	19343866
19344445	19344647
19346887	19347080
19348653	19348865
19349297	19349514
19363187	19363388
19365387	19365507
19365509	19365629
19371022	19371142
19371147	19371267
19373049	19373277
19375123	19375349
19375943	19376162
19379636	19379841
19381786	19382005
19384347	19384518
19385518	19385724
19393311	19393516
19394595	19394833
19395990	19396175
19398122	19398318
19418884	19419075
19420035	19420263
19420756	19420879
19422253	19422429
19423116	19423300
19423302	19423510
19429180	19429301
19431727	19431847
19431851	19431971
19434920	19435376
19438232	19438353
19442132	19442309
19443202	19443372
19443990	19444110
19444115	19444235
19444265	19444385
19444390	19444510
19445569	19445772
19452624	19452744
19452749	19452869
19455418	19455619
19455654	19455774
19455776	19455896
19456077	19456268
19457369	19457562
19458255	19458383
19458679	19458967
19459292	19459414
19462475	19462650
19463067	19463188
19466542	19466720
19467007	19467189
19467490	19467764
19468413	19468598
19470232	19470425
19471391	19471567
19481901	19482191
19483450	19483682
19484858	19485041
19486569	19486758
19492790	19492989
19494918	19495134
19495292	19495467
19495993	19496191
19502256	19502576
19504033	19504271
19504317	19504508
19506296	19506463
19511121	19511999
19512000	19512120
19702075	19702196
19702258	19702380
19704734	19704943
19705948	19706379
19707084	19707390
19707650	19707906
19707911	19708417
19709084	19709478
19709756	19709946
19709947	19710067
19710765	19711820
19711897	19712026
19747107	19747301
19748360	19748488
19748632	19748756
19750722	19750896
19751720	19751920
19752471	19752642
19753255	19753424
19753427	19753547
19753815	19753965
19754043	19754295
19754300	19754428
19766676	19766884
19770330	19770559
19776064	19776477
19789583	19789774
19794187	19794363
19799729	19799957
19808140	19808305
19808736	19808956
19838608	19838728
19838731	19839760
19864626	19864802
19865523	19865716
19865838	19866009
19867696	19867896
19868049	19868251
19870861	19871067
19882526	19882731
19882895	19883015
19883016	19883136
19885538	19885711
19886537	19886713
19890370	19890553
19898757	19898879
19898892	19899058
19902605	19902725
19902727	19902847
19903273	19903476
19905656	19905825
19906372	19906492
19906497	19906617
19906970	19907182
19918508	19918715
19919841	19920044
19920797	19921011
19929232	19929397
19950082	19950342
19951105	19951407
19951668	19951930
19954691	19954811
19954816	19954993
19956075	19956243
19958207	19958389
19958671	19958846
19959393	19959601
19959760	19959968
19960254	19960590
19960592	19960876
19961147	19961353
19961649	19961821
19963176	19963365
19964188	19964395
19964861	19964981
19964985	19965105
19965480	19965693
19966468	19966640
19967192	19967387
19967392	19967762
19968751	19969317
19969399	19969591
19974497	19974684
19978050	19978285
20020650	20020839
20024326	20024639
20030790	20030976
20039903	20040090
20040889	20041345
20043434	20043807
20043812	20044506
20049021	20049201
20050818	20051051
20051966	20052173
20073239	20073524
20073528	20073779
20073783	20074203
20074656	20074857
20077140	20077260
20077264	20077384
20077461	20077727
20078953	20079073
20079078	20079198
20079371	20079549
20080258	20080432
20082173	20082341
20093596	20093803
20094041	20094211
20094749	20094921
20096364	20096532
20097463	20097632
20100043	20100722
20100932	20101307
20102018	20102476
20102479	20102599
20102770	20103000
20103053	20103253
20103519	20104142
20104310	20104519
20105124	20105244
20105704	20105910
20106626	20106756
20109693	20109832
20109906	20110028
20110030	20110153
20112921	20113107
20113872	20114186
20114352	20114482
20116872	20117078
20119459	20119625
20126722	20126911
20126954	20127386
20127536	20127743
20128036	20128237
20128377	20128546
20128765	20129107
20130271	20130391
20130396	20130731
20130904	20131071
20131118	20131241
20132796	20132926
20134490	20134714
20136206	20136478
20136679	20136893
20136937	20137058
20137113	20137238
20137406	20137496
20137511	20137601
20137670	20137800
20137964	20138315
20194182	20194651
20229216	20229420
20229423	20230650
20230875	20231166
20236583	20236757
20255086	20255255
20255540	20255706
20291243	20291333
20294263	20294383
20295279	20295369
20296780	20296909
20302191	20302336
20302344	20302481
20302546	20302798
20302918	20303048
20303632	20303796
20305192	20305282
20307252	20307418
20378047	20378166
20378371	20378466
20378472	20378725
20378829	20378970
20379721	20379827
20380041	20380221
20383786	20383958
20385721	20385818
20386490	20386581
20387084	20387204
20388179	20388359
20388605	20388696
20389057	20389148
20390317	20390511
20394535	20394668
20398616	20398710
20717833	20717994
20718441	20718648
20720884	20721039
20721802	20721993
20723695	20723862
20724381	20724533
20729745	20729835
20729849	20729960
20731392	20731482
20731496	20731612
20734915	20735045
20738948	20739063
20741676	20741841
20743832	20743947
20744718	20744896
20744962	20745170
20748457	20748647
20748892	20749022
20749557	20749744
20753946	20754038
20755008	20755129
20755481	20755666
20759597	20760249
20760316	20760834
20760903	20761282
20779646	20780019
20780068	20780349
20780354	20780549
20781620	20781820
20783414	20783623
20783875	20784168
20784758	20785874
20786026	20786314
20791859	20791981
20795776	20795999
20796336	20796456
20796458	20796733
20800643	20800970
20804621	20804740
20812026	20812263
20819108	20819907
20825665	20825852
20843204	20843525
20843969	20844206
20847425	20847598
20861956	20862126
20862560	20862681
20891358	20891555
20905446	20905633
20905637	20905831
20906698	20906929
20907303	20907423
20907428	20907548
20909272	20909491
20918644	20918744
20918906	20919029
20920846	20920966
20920970	20921176
20922700	20922905
20929319	20929507
20936859	20937322
20937409	20937600
20938689	20938810
20939249	20939371
20939516	20939639
20939976	20940097
20940762	20940888
21034838	21034928
21034941	21035031
21045555	21045671
21056494	21056682
21056957	21057047
21062252	21062425
21064191	21064287
21064960	21065052
21065553	21065674
21066734	21066834
21067531	21067622
21068798	21068987
21071957	21072048
21072997	21073132
21075520	21075691
21079770	21079891
21080006	21080098
21080713	21080886
21081535	21081746
21081968	21082172
21083623	21083879
21083884	21084069
21084179	21084373
21087959	21088059
21088343	21088434
21088762	21088857
21096530	21096704
21096882	21097089
21098919	21099124
21101885	21102011
21104099	21104280
21105576	21105751
21105939	21106104
21107165	21107401
21115570	21115758
21119009	21119215
21119314	21119434
21119438	21119558
21119844	21119964
21119969	21120089
21133533	21134507
21138215	21138416
21138421	21138541
21140210	21140424
21141104	21141301
21147347	21147549
21150412	21150628
21152829	21153005
21153309	21153528
21153931	21154158
21156164	21156284
21156289	21156409
21157393	21157585
21158595	21158763
21159313	21159517
21161610	21161795
21165178	21165388
21167617	21167782
21172701	21172821
21172825	21172945
21173930	21174213
21174760	21174925
21178571	21178740
21188752	21188945
21192891	21193062
21212839	21212960
21213032	21213161
21213394	21213514
21213515	21213718
21224656	21224864
21235294	21235461
21237646	21237865
21241933	21242125
21272233	21272601
21288097	21288445
21288446	21288566
21303944	21304136
21311502	21312025
21322169	21322334
21327533	21327825
21328018	21328138
21328143	21328263
21328382	21328662
21328782	21329068
21329929	21330129
21330465	21330646
21330650	21331353
21332007	21332288
21333490	21333683
21333906	21334080
21334243	21334452
21334919	21335093
21335137	21335351
21336697	21336864
21337304	21337471
21340075	21340195
21340198	21340318
21341673	21341881
21342224	21342444
21343045	21343280
21343816	21343984
21344699	21344884
21345974	21346172
21346497	21346732
21347066	21347267
21347869	21348039
21348161	21348622
21348848	21349275
21349548	21349752
21349992	21350371
21350951	21351634
21354197	21354755
21354923	21355102
21355238	21355411
21355499	21355664
21356015	21356235
21356332	21356540
21356751	21356927
21357060	21357181
21357232	21357353
21365666	21365820
21369475	21369592
21370171	21370293
21372301	21372431
21376844	21377061
21377190	21377376
21377377	21377907
21380056	21380338
21380512	21380875
21383404	21383745
21383979	21384489
21384494	21384614
21385137	21386086
21388418	21388539
21400222	21400390
21401592	21401765
21402192	21402382
21403202	21403292
21403298	21403452
21406469	21406637
21407574	21407748
21409356	21409534
21411398	21411567
21414652	21414742
21414755	21414845
21576183	21576299
21576313	21576428
21576442	21576532
21724357	21724537
21797033	21797126
21799211	21800736
21800741	21800993
21821807	21821991
21822128	21822223
21822229	21822356
21822366	21822482
21822588	21822678
21822685	21822775
21823481	21823587
21823796	21824005
21827560	21827732
21829495	21829592
21830264	21830355
21830858	21830978
21831958	21832139
21832384	21832475
21832836	21832927
21834096	21834290
21837270	21837361
21838310	21838443
21841789	21841889
21842173	21842264
21842592	21842686
21846302	21846397
21922024	21922145
21947239	21947367
21965108	21965208
21965288	21965388
21968712	21968933
21982663	21983069
21983213	21983333
21983338	21983675
21983678	21984293
21987203	21987323
21987327	21987500
21988354	21988605
21988606	21989372
21989375	21989710
21989712	21989974
21990774	21991374
21996654	21996832
21997188	21997393
21998217	21998487
22007218	22007393
22007551	22007790
22020310	22020513
22023571	22023661
22023676	22023766
22024148	22024370
22024564	22024738
22024834	22025000
22025263	22025463
22026594	22026780
22029248	22029435
22035522	22035696
22036647	22036815
22037424	22037592
22039017	22039187
22040011	22040132
22040689	22040894
22041156	22041396
22041838	22042021
22042237	22042440
22042942	22043145
22048069	22048248
22048853	22048973
22048974	22049318
22049610	22049786
22050954	22051156
22055330	22055511
22057589	22057755
22058028	22058231
22058325	22058562
22064838	22065036
22123436	22123613
22127145	22127318
22142497	22142673
22142911	22143142
22153273	22153461
22160083	22160290
22161907	22162136
22221583	22221704
22239783	22239920
22239921	22240011
22277461	22277842
22279894	22280061
22285465	22285644
22287757	22287981
22288394	22288514
22288515	22288635
22292434	22292639
22293889	22294063
22300254	22300432
22309907	22310048
22311476	22311566
22311581	22311902
22311905	22311995
22312224	22312314
22312321	22312411
22312829	22313011
22313393	22313603
22313893	22314075
22314678	22314901
22316729	22317414
22318312	22318664
22319619	22319739
22319744	22319864
22321988	22322172
22323019	22323193
22324593	22324780
22325366	22325536
22326124	22326334
22326989	22327184
22328658	22328843
22329926	22330136
22385409	22385755
22385760	22385880
22453136	22453588
22516629	22516827
22516830	22517122
22550188	22550731
22556098	22556458
22556501	22556626
22569242	22569430
22569433	22569618
22576000	22576141
22577569	22577659
22577674	22577995
22577998	22578088
22578317	22578407
22578414	22578504
22599246	22599798
22673091	22673212
22673267	22673388
22673531	22673652
22676833	22676991
22677001	22677126
22677225	22677355
22681731	22681850
22681851	22681981
22682107	22682230
22697575	22697742
22697747	22698122
22707362	22707643
22707724	22707879
22712111	22712275
22712321	22712466
22712536	22712656
22723947	22724040
22724055	22724145
22724210	22724445
22730460	22730736
22730817	22730972
22735217	22735381
22735427	22735578
22735642	22735737
22749321	22749414
22749426	22749516
22749548	22749826
22758561	22758719
22758729	22758819
22764161	22764276
22764291	22764471
22764545	22764636
22781910	22782030
22782047	22782168
22782323	22782444
22786319	22786474
22786489	22786669
22786729	22786849
22842116	22842457
22842560	22842677
22842802	22843766
22868273	22868714
22868818	22868934
22869059	22869483
22869484	22869920
22890417	22891046
22892169	22892723
22893157	22893278
22893313	22893433
22893434	22893564
22895248	22895459
22898258	22898379
22899191	22899378
22901716	22901926
22905350	22905471
22906017	22906188
22930708	22930829
22930936	22931057
22937000	22937331
22937403	22937524
22989217	22989308
23010821	23010942
23010993	23011114
23011194	23011317
23029212	23029377
23029494	23029792
23040417	23040512
23040529	23040705
23040850	23040947
23046783	23046904
23047063	23047276
23054850	23054974
23055346	23055436
23055445	23055690
23063035	23063236
23063323	23063448
23063528	23063649
23077135	23077250
23077323	23077445
23077525	23077622
23089757	23089887
23090145	23090260
23090275	23090403
23101323	23101438
23101648	23101746
23114276	23114399
23114751	23114881
23114952	23115073
23135031	23135121
23135132	23135227
23135428	23135528
23154343	23154465
23154596	23154778
23161599	23161779
23161898	23162105
23162148	23162275
23165409	23165524
23165740	23165870
23213689	23214234
23222897	23223062
23223226	23223316
23223327	23223417
23223471	23223598
23228418	23228595
23230173	23230293
23230296	23230416
23235865	23236045
23237520	23237620
23237829	23237929
23241686	23241807
23243420	23243520
23247081	23247197
23248776	23248876
23252703	23252887
23256396	23256593
23260295	23260495
23261984	23262084
23263532	23263722
23265039	23265139
23401562	23401768
23401772	23401892
23403987	23404170
23406046	23406327
23437926	23438516
23438521	23438641
23465245	23465608
23466500	23466730
23473716	23473933
23476043	23476211
23476214	23476334
23478539	23478667
23479671	23479799
23481035	23481239
23482463	23482668
23487485	23487688
23488700	23488887
23492209	23492435
23494618	23494813
23495127	23495336
23498085	23498292
23500118	23500288
23501051	23501244
23501327	23501552
23503075	23503287
23503581	23503761
23504810	23504930
23504935	23505055
23523171	23524186
23524191	23524359
23524361	23524481
23540461	23540662
23541333	23541521
23559176	23559382
23584912	23585107
23595921	23596118
23596582	23596778
23603061	23603232
23603543	23603671
23610605	23610794
23613587	23613798
23615211	23615331
23615333	23615453
23615748	23615868
23615873	23615993
23626177	23626381
23627170	23627390
23629275	23629452
23630248	23630471
23631657	23631826
23632440	23632560
23632563	23632683
23634623	23634846
23637225	23637431
23651615	23651708
23656239	23656360
23657549	23657646
23735532	23735621
23779677	23779767
23802574	23802664
23802768	23802858
23915405	23915497
23915577	23915695
23917143	23917298
23917313	23917403
23922153	23922273
23922276	23922396
23950909	23951095
23955524	23955645
23955733	23955853
23955858	23955978
23956318	23956440
23958982	23959072
23959076	23959203
23959735	23959858
23961522	23961687
23962723	23962838
23964261	23964377
23967122	23967252
23968122	23968344
23974088	23974209
23982681	23982817
24034197	24035182
24035891	24036106
24036496	24036689
24037035	24037225
24038448	24038859
24039298	24039497
24039991	24040190
24040377	24040660
24040701	24040791
24040806	24040896
24041059	24041329
24085980	24086191
24086268	24086865
24086869	24087391
24094836	24095380
24096477	24096682
24105403	24105573
24106263	24107055
24107056	24107176
24107503	24107670
24107834	24108033
24108147	24108337
24108342	24108462
24109627	24109832
24109918	24110038
24110041	24110161
24115153	24115283
24121324	24121444
24121449	24121633
24122576	24123652
24123903	24124073
24124426	24124686
24125578	24125746
24129300	24129475
24133946	24134127
24135717	24135902
24143079	24143526
24145405	24145587
24158910	24159093
24167373	24167549
24175688	24175868
24176294	24176480
24176571	24176785
24176905	24177122
24179006	24179395
24179823	24180021
24180282	24180452
24180454	24181162
24199099	24199272
24199571	24199742
24200217	24200397
24204257	24204451
24208571	24208744
24209804	24210005
24210652	24210847
24212119	24212293
24217274	24217497
24219227	24219454
24219476	24219700
24219939	24220143
24224589	24224709
24224712	24225157
24225958	24226078
24226080	24226356
24226500	24226684
24226778	24227147
24231155	24231276
24236568	24236760
24236972	24237162
24237167	24237793
24238002	24238124
24284765	24284855
24284867	24285025
24299924	24300154
24300464	24300916
24302476	24302625
24303178	24303319
24306571	24306689
24309057	24309252
24309537	24309638
24309717	24309818
24310129	24310448
24313494	24313862
24315257	24315576
24315887	24315988
24316067	24316168
24316453	24316648
24319017	24319135
24322387	24322528
24323081	24323230
24324790	24325242
24325552	24325782
24340695	24340853
24340865	24340955
24342271	24342396
24345594	24345749
24373191	24373316
24373558	24373658
24373738	24373855
24376361	24376569
24376791	24376974
24377716	24377816
24379385	24379570
24381597	24381799
24382883	24383004
24383845	24383966
24384072	24384192
24384195	24384315
24396201	24396326
24400147	24400237
24431861	24432073
24432468	24432686
24434715	24434894
24437547	24437751
24439401	24439615
24445472	24445680
24447234	24447454
24451273	24451603
24452629	24452858
24455714	24455910
24456334	24456537
24458299	24458531
24459353	24459565
24460519	24460640
24462979	24463197
24466721	24466998
24468299	24468468
24472070	24472238
24479189	24479416
24480509	24480677
24480931	24481129
24483339	24483635
24487471	24487777
24491866	24492063
24493905	24494131
24509556	24509745
24515254	24515456
24515461	24515656
24530282	24530466
24551959	24552191
24560337	24560541
24561385	24561589
24562574	24563015
24563079	24563278
24564390	24564601
24566046	24566255
24567632	24567906
24572000	24572203
24573441	24573645
24573649	24573854
24574008	24574174
24577480	24577675
24579029	24579209
24579454	24579575
24580190	24580311
24580843	24580973
24581035	24581206
24581380	24581578
24581580	24581749
24581751	24581922
24581923	24582383
24583230	24584082
24584083	24584449
24615934	24616171
24616497	24616687
24620952	24621674
24621992	24622200
24622614	24622795
24627346	24627580
24627956	24628176
24628736	24628930
24629470	24629660
24629753	24629959
24640491	24640581
24640591	24640716
24644941	24645032
24698159	24698344
24709271	24709406
24717254	24718048
24718050	24718899
24720164	24720385
24724767	24724946
24726211	24726417
24730340	24730567
24734253	24734441
24743030	24743203
24759169	24759290
24761387	24761623
24765174	24765352
24807489	24807656
24808505	24808688
24810408	24810590
24827038	24827501
24829356	24829612
24829617	24829737
24836535	24837528
24891380	24891545
24896012	24896213
24898044	24898476
24906661	24906826
24909230	24909350
24909354	24909474
24911090	24911327
24916290	24916457
24917829	24918018
24919543	24919663
24919664	24919784
24921582	24921762
24936884	24937064
24938950	24939123
24939726	24940050
24942880	24943060
24943878	24944101
24944776	24944998
24950775	24950985
24951525	24951751
24953555	24953780
24963985	24964188
24967849	24968019
24979590	24979811
24981803	24982010
24982013	24982384
24984176	24984342
24985095	24985325
24985788	24985974
24988322	24988507
24988806	24988929
25003847	25004016
25010713	25010803
25010806	25011063
25023869	25023959
25040711	25040804
25115375	25115495
25115496	25115616
25115725	25115891
25119025	25119204
25120862	25121037
25121344	25121522
25123932	25124052
25124055	25124429
25129993	25130194
25131639	25131822
25144807	25144979
25145296	25145526
25145600	25145720
25145725	25145845
25147351	25147561
25150002	25150186
25150706	25150874
25151680	25151855
25152522	25152709
25153857	25154085
25155788	25156010
25158273	25158393
25158396	25158516
25202328	25202532
25240856	25241043
25243584	25243781
25246169	25246393
25250873	25251062
25251265	25251888
25252018	25252112
25255537	25255775
25263049	25263244
25264269	25264475
25264601	25264800
25270302	25270511
25272569	25272771
25275383	25275617
25280049	25280253
25282485	25282712
25289356	25289589
25291153	25291383
25293910	25294188
25294192	25294556
25297720	25297840
25297844	25297964
25301058	25301247
25308619	25308804
25313630	25313795
25315832	25316007
25320036	25320242
25331246	25331542
25334071	25334201
25335319	25335555
25423894	25425499
25428527	25428701
25434789	25435041
25435046	25436149
25436150	25436572
25436576	25437541
25445101	25445340
25466276	25466396
25466400	25466520
25566706	25566890
25570212	25570536
25573359	25573561
25577571	25577772
25580970	25581177
25586625	25586813
25597257	25597444
25598557	25598751
25599656	25599886
25601102	25601301
25602945	25603142
25617300	25617420
25617425	25617545
25620816	25620992
25623856	25623978
25625426	25625542
25627619	25627741
25714019	25714134
25714140	25714369
25715793	25715928
25715963	25716058
25747711	25747881
25750632	25750759
25753298	25753419
25755781	25755946
25755951	25756071
25853249	25853365
25961093	25961214
26000339	26000533
26040448	26040641
26057526	26057695
26059581	26059770
26063574	26063784
26068245	26068448
26070362	26070531
26074784	26074994
26081128	26081310
26083466	26083668
26086074	26086267
26091084	26091273
26098702	26098919
26099425	26099592
26100029	26100264
26105769	26105954
26106933	26107156
26110372	26110542
26114178	26114414
26117248	26117433
26118178	26118381
26156917	26157124
26158889	26159079
26159155	26159386
26164023	26164143
26164144	26165341
26166040	26166239
26166743	26166945
26168262	26168444
26173582	26173805
26176016	26176220
26177685	26177865
26181375	26181568
26193833	26194042
26219475	26219653
26222268	26222466
26224695	26224815
26224820	26224940
26228791	26228967
26231234	26231419
26239645	26239861
26242015	26242135
26242137	26242257
26243345	26243555
26247432	26247617
26264218	26264338
26264341	26264461
26270196	26270415
26272086	26272291
26273820	26274015
26286621	26286827
26287197	26287375
26291061	26291289
26294192	26294426
26298598	26298803
26299549	26299759
26304180	26304420
26306871	26307059
26317136	26317355
26342040	26342230
26343689	26343895
26346300	26346421
26348277	26348447
26351081	26351285
26388275	26388473
26399198	26399385
26400593	26400794
26422356	26422476
26422479	26422814
26422815	26423070
26423073	26423579
26565613	26565793
26688298	26689120
26690198	26690377
26692787	26692907
26692910	26693030
26694881	26695101
26701984	26702189
26706594	26706762
26707700	26707888
26709753	26709939
26736422	26736635
26743635	26743829
26747060	26747273
26761290	26761493
26769295	26769478
26771535	26771711
26773603	26773829
26776138	26776363
26777877	26778092
26829599	26830479
26838322	26838523
26838997	26839203
26848238	26848418
26849130	26849340
26853724	26853944
26854402	26854627
26859911	26860876
26861309	26861511
26861938	26862239
26864505	26864697
26866742	26866947
26867221	26867390
26868265	26868468
26868701	26868893
26872956	26873184
26875187	26875407
26877576	26877795
26879818	26879938
26879943	26880063
26881893	26882090
26883987	26884453
26886015	26886205
26886992	26887115
26887488	26887664
26887910	26888308
26890039	26890353
26890738	26890929
26891955	26892283
26892646	26892832
26894838	26895276
26895279	26895445
26895450	26895654
26897919	26898123
26899552	26899672
26899674	26899794
26902299	26902472
26902659	26902861
26906080	26906267
26924064	26924184
26924189	26924309
26928543	26928663
26928668	26928788
26932020	26932387
26932392	26932512
26936736	26936917
26936922	26937622
26951096	26951279
26995502	26995680
26997851	26998048
27003852	27004037
27008048	27008257
27008926	27009143
27012095	27012331
27018499	27018619
27018622	27018742
27019176	27019401
27021355	27021568
27024218	27024389
27026268	27026455
27445897	27446089
27456013	27456294
28146834	28147037
28192793	28194743
28194746	28194876
28195003	28195423
28195426	28195598
28195682	28196103
28196107	28196535
28202476	28202680
28208685	28208780
28249561	28249729
28250767	28251005
28254351	28254525
28256090	28256270
28269621	28269857
28290468	28290662
28292485	28292721
28292964	28293203
28293791	28293958
28306894	28307092
28310216	28310399
28315000	28315183
28316455	28316689
28378180	28378300
28378303	28379857
28381246	28381429
28385770	28385972
28386718	28386913
28388567	28388771
28389257	28389545
28392023	28392143
28392145	28392265
28394570	28395273
28397355	28397538
28410145	28410370
28424958	28425078
28425082	28425202
28426213	28426392
28489997	28490232
28492162	28492347
28494921	28495122
28497070	28497190
28497195	28497315
28501217	28501760
28503040	28503656
28503657	28504427
28559116	28559662
28692130	28692352
28693525	28693828
28702445	28702663
29025529	29025793
29091096	29091219
29091695	29091826
29092886	29093087
29095774	29095894
29095896	29096016
29099479	29099647
29104971	29105092
29105949	29106159
29107892	29108082
29115380	29115552
29117539	29117660
29120425	29120547
29120905	29121345
29126365	29126455
29126456	29126546
29130326	29130446
29130449	29130614
29130619	29130739
29133258	29133387
29138002	29138322
29139820	29140048
29140487	29140692
29141795	29141969
29147098	29147332
29152987	29153108
29168802	29169009
29169578	29169698
29169701	29169821
29177004	29177176
29179474	29179649
29182062	29182322
29191142	29191569
29191574	29191694
29191984	29192149
29193027	29193147
29193151	29193271
29195023	29195189
29195823	29196027
29196230	29196401
29196403	29196523
29279840	29280039
29383022	29383198
29413854	29414043
29438359	29438583
29439189	29439396
29440680	29440866
29442655	29442866
29444385	29444586
29445216	29445674
29445677	29446778
29446781	29446981
29449541	29449710
29454719	29455207
29456424	29456856
29457728	29457849
29469187	29469316
29490227	29490347
29490348	29490468
29494772	29494999
29517321	29517502
29521193	29521413
29533308	29533696
29534663	29534875
29536219	29536441
29537877	29538117
29562918	29563110
29602035	29602226
29610878	29611064
29611442	29611626
29621110	29621320
29622371	29622598
29626922	29627117
29627455	29627653
29628168	29628398
29629329	29629449
29629452	29629572
29629582	29629710
29630076	29630291
29639296	29639499
29650170	29650336
29651181	29651356
29654753	29654986
29656033	29656216
29656219	29656822
29657181	29657310
29659767	29660160
29661477	29661703
29664289	29664458
29668155	29668354
29669821	29669942
29670188	29670400
29673920	29674072
29674154	29674284
29678484	29678614
29682808	29682961
29683039	29683169
29684687	29684817
29686283	29686514
29687426	29687546
29687550	29687670
29688073	29688293
29688574	29688700
29692250	29692455
29693833	29694023
29694806	29694936
29695111	29695231
29695236	29695356
29695676	29695893
29695986	29696111
29704094	29704686
29706380	29706582
29706587	29706958
29707490	29708263
29708265	29708556
29709218	29709338
29709343	29709508
29709847	29710030
29710963	29711188
29724803	29724976
29725592	29725796
29726126	29726690
29727397	29727575
29727692	29727887
29729110	29729284
29730174	29730384
29734887	29735111
29735700	29735881
29736582	29736787
29737534	29737702
29737704	29737824
29738272	29738447
29745240	29745440
29745983	29746163
29747197	29747486
29747690	29747874
29750673	29750863
29752409	29752592
29754640	29754928
29755717	29755837
29755842	29755962
29758974	29759093
29763126	29763216
29763231	29763321
29802753	29802878
29804541	29804637
29815128	29815247
29819044	29819134
29819149	29819239
29833659	29833748
29834776	29835099
29835114	29835204
29837570	29837664
29837694	29837911
29837930	29838095
29876223	29876395
29876400	29877075
29879330	29879460
29881671	29881791
29881796	29881916
29884821	29884943
29885081	29885207
29885218	29885339
29885470	29885599
29885856	29886045
29886050	29886338
29886376	29886584
29886645	29886810
29904433	29904607
29907027	29907232
29907985	29908170
29912898	29913117
29913186	29913418
29914895	29915109
29916002	29916167
29916935	29917122
29921818	29922017
29924017	29924225
29924309	29924512
29925126	29925292
29926920	29927135
29927831	29928039
29932612	29932832
29935349	29935554
29938758	29938974
29939363	29939532
29940467	29940682
29945043	29945222
29951853	29952018
29954757	29954953
29956617	29956838
29957131	29957297
29957476	29957668
29957695	29957882
29960246	29960367
29965146	29965356
29966013	29966133
29966134	29966254
29966400	29966579
29976071	29976269
29976977	29977158
29999986	30000200
30032667	30032880
30035008	30035186
30038116	30038303
30050529	30050756
30051548	30051767
30054172	30054372
30057133	30057358
30060887	30061058
30064256	30064465
30067829	30068020
30069209	30069421
30070729	30070919
30074122	30074320
30077431	30077644
30078857	30079092
30090613	30090830
30116359	30116530
30123571	30123776
30124615	30124798
30125034	30125204
30125369	30125572
30127234	30127402
30134312	30134517
30136624	30136841
30138388	30138598
30144282	30144402
30144403	30144523
30163445	30163631
30165704	30165987
30184988	30185193
30186445	30186638
30188430	30188597
30189335	30189703
30196980	30197199
30197960	30198152
30200641	30200761
30200764	30200884
30202097	30202307
30202464	30202630
30202748	30202936
30204055	30204251
30209362	30209563
30210654	30210861
30211980	30212182
30217883	30218106
30218303	30218471
30221038	30221158
30221161	30221281
30221527	30221763
30223494	30223711
30228134	30228361
30229475	30229659
30230404	30230602
30234165	30234367
30366891	30367104
30374380	30374557
30374861	30375087
30384387	30384583
30387477	30387683
30394720	30394938
30398785	30398969
30403162	30403364
30403793	30404006
30404987	30405189
30408331	30408451
30408455	30408575
30409377	30409576
30412481	30412708
30413839	30414030
30415433	30416659
30416662	30416862
30417942	30418117
30418559	30418679
30418683	30418803
30419317	30419546
30421545	30421765
30489837	30490027
30494864	30495056
30499358	30499543
30500295	30500472
30507724	30507903
30508424	30508601
30514949	30515162
30517615	30517827
30517893	30518222
30571991	30572177
30602953	30603136
30639608	30640035
30640683	30640906
30642548	30642849
30659890	30660534
30660923	30661138
30662661	30662845
30681673	30682109
30682225	30682391
30682624	30683416
30683420	30683540
30683712	30683832
30683833	30683953
30684582	30684810
30685286	30685507
30688312	30688811
30689237	30689418
30689627	30690094
30690748	30690914
30690919	30691039
30691633	30691860
30695373	30695554
30700416	30700634
30714593	30714786
30722642	30722816
30730575	30730762
30731496	30731799
30732980	30733187
30733709	30733943
30734833	30735004
30735008	30735288
30736220	30736439
30736597	30736809
30737673	30737857
30738136	30738315
30738717	30738939
30740925	30741045
30741050	30741215
30742359	30742540
30748957	30749136
30752606	30752830
30761958	30762274
30765354	30765553
30766287	30766926
30767571	30767753
30768122	30768331
30769509	30769717
30769859	30770094
30770310	30770494
30770499	30770755
30771434	30771615
30772218	30772451
30772564	30772763
30774067	30774248
30775550	30775745
30775976	30776262
30776264	30776384
30780246	30780467
30781845	30782105
30782513	30782633
30782638	30782758
30783048	30783175
30783233	30783353
30793027	30793198
30793744	30793949
30794597	30794799
30795508	30795720
30802210	30802423
30803050	30803171
30803403	30803624
30805098	30805475
30806558	30806728
30811674	30811869
30811871	30812053
30812230	30812350
30812355	30812544
30818184	30818375
30820689	30820905
30821819	30821939
30821943	30822063
30822723	30822924
30823129	30823447
30824482	30824758
30831526	30831732
30845067	30845264
30855924	30856142
30857281	30857401
30857406	30857658
30857977	30858182
30860714	30860917
30862225	30862411
30862973	30863139
30864506	30864789
30865971	30866274
30866488	30866693
30867229	30867329
30867755	30867875
30867880	30868000
30885796	30885979
30886091	30886288
30887525	30887655
30887811	30888186
30888455	30888650
30890056	30890244
30890857	30891026
30891300	30892013
30899546	30899666
30899667	30899787
30901409	30901629
30920977	30921164
30921302	30921432
30921588	30921963
30925079	30925199
30925204	30925385
30927848	30928021
30928468	30928804
30929887	30930089
30934696	30934921
30942498	30942688
30950960	30951506
30951509	30951675
30951680	30951930
30951931	30952140
30953199	30953425
30973031	30973236
30974906	30975161
30975166	30975294
30975777	30976032
30976034	30976241
30976500	30976620
30976625	30976745
30976900	30977020
30977025	30977145
30977296	30977578
30977583	30977703
30980280	30980400
30980405	30980673
30981191	30981415
30983282	30983458
30984037	30984243
30985055	30985175
30985179	30985299
30987678	30987798
30987803	30987923
30988058	30988286
31003283	31003486
31006096	31006284
31006841	31007162
31008900	31009103
31010309	31010483
31011283	31011815
31013246	31013458
31018852	31019054
31022342	31022519
31032414	31032534
31032536	31032956
31032961	31033081
31042551	31042671
31042673	31043033
31045142	31045343
31059334	31059970
31061469	31061668
31089988	31090279
31090953	31091559
31127519	31127748
31137123	31137303
31218614	31218797
31266390	31266681
31268253	31268456
31277627	31277747
31277750	31277870
31283385	31283551
31284165	31284334
31285057	31285245
31285464	31285634
31286691	31286957
31289101	31289303
31289427	31289980
31301822	31302406
31318343	31318514
31320755	31320989
31322767	31322948
31324066	31324257
31328263	31328808
31328809	31328989
31329421	31329635
31330030	31330249
31330787	31331370
31332476	31332649
31332876	31333082
31333609	31334241
31335548	31335668
31335672	31335792
31335940	31336145
31336661	31336850
31337406	31337592
31337868	31338046
31338048	31338218
31342298	31342510
31345647	31345835
31346265	31346454
31352603	31352808
31354545	31354715
31363777	31363950
31478403	31478580
31478885	31479281
31481124	31481291
31483942	31484167
31484556	31485014
31485663	31485923
31485926	31486206
31486790	31487475
31487589	31487811
31488429	31488647
31489460	31489814
31489816	31489936
31491335	31491627
31492657	31492777
31492779	31493064
31493243	31493364
31494626	31494842
31495006	31495246
31495650	31495858
31496896	31497081
31500290	31500459
31500967	31501361
31501534	31501746
31501889	31502080
31502455	31502585
31503315	31503544
31518894	31519112
31520800	31522060
31522355	31522723
31522864	31523081
31523368	31523563
31523928	31524184
31524189	31524309
31524392	31524603
31528993	31529218
31529341	31529708
31529882	31530462
31531753	31531956
31532599	31532992
31533741	31534032
31534279	31534451
31534556	31534768
31535814	31536370
31555996	31556121
31583105	31583306
31588540	31588721
31591408	31591528
31591531	31591651
31592829	31592959
31593034	31593189
31597581	31597702
31600350	31600480
31601051	31601141
31601145	31601235
31601953	31602094
31608346	31608550
31621678	31621917
31644520	31644793
31654313	31654534
31655052	31655258
31655906	31656124
31658128	31658334
31658598	31658718
31658721	31658841
31661884	31662067
31662965	31663086
31663784	31663964
31664088	31664320
31667030	31667196
31668458	31668667
31669334	31669511
31671071	31671257
31672735	31672835
31672976	31673067
31674196	31674399
31679128	31679334
31685151	31685795
31686977	31687356
31688188	31688362
31722875	31723040
31723043	31723316
31724798	31724986
31731642	31731762
31731764	31731884
31737444	31737698
31738871	31739038
31740312	31741612
31742965	31743656
31743661	31743781
31795647	31795817
31796504	31796624
31796629	31796749
31799104	31799234
31806889	31807009
31807014	31807134
31816314	31816435
31819353	31819483
31822561	31822681
31822686	31822806
31823004	31823124
31823129	31823249
31829864	31829994
31835841	31836162
31836714	31836928
31837747	31837867
31837868	31838139
31838941	31839128
31840514	31840748
31842857	31843027
31843402	31843522
31843523	31843643
31844133	31844339
31845305	31845425
31845427	31845547
31846165	31846385
31849231	31849354
31850051	31850330
31851146	31851342
31851767	31852000
31854410	31854598
31858889	31859118
31859638	31859935
31864121	31864241
31864245	31864365
31867764	31867957
31884574	31884803
31904141	31904380
31924647	31924824
31926486	31926716
31926936	31927163
31942824	31943025
31946203	31946410
31952863	31952983
31952984	31953104
31957164	31957372
31969070	31969250
31971154	31971344
31974325	31974558
31976225	31976453
31979796	31980031
31980944	31981176
31983213	31983313
31985375	31985495
31985497	31985617
31998175	31998340
31998519	31998735
31999625	31999745
31999749	31999869
32000181	32000301
32000303	32000423
32000741	32000940
32002318	32002488
32003873	32004064
32007046	32007166
32007171	32007291
32007745	32007938
32009092	32009803
32010446	32011238
32012689	32012809
32012811	32013067
32014083	32014252
32014257	32014377
32015454	32015711
32015714	32015834
32016523	32016707
32017001	32017177
32017326	32017496
32017664	32017954
32019664	32019837
32021682	32021903
32044112	32044336
32046590	32046808
32058052	32058275
32072773	32073008
32081480	32081785
32084056	32084177
32097571	32097785
32099576	32099760
32100628	32100798
32108014	32110249
32110251	32111439
32111441	32113258
32121517	32121639
32134335	32134783
32150879	32151079
32154412	32154635
32156521	32156707
32160932	32161106
32162521	32162694
32164789	32164910
32174061	32174182
32179888	32180061
32180738	32180915
32187950	32188070
32188071	32188191
32188695	32188822
32193518	32193719
32194538	32194659
32198656	32198887
32200098	32200291
32200760	32200968
32202087	32202208
32205494	32205615
32206484	32206721
32211017	32211366
32214948	32215182
32217393	32217616
32218684	32218882
32222414	32222593
32225492	32225616
32229810	32230109
32233002	32233205
32234639	32234869
32239008	32239226
32239657	32239858
32240950	32241070
32241075	32241195
32242803	32242923
32242928	32243048
32253326	32253527
32257232	32257432
32266517	32266745
32269102	32269282
32270271	32270487
32272053	32272241
32275419	32275715
32289491	32289695
32293410	32293530
32293531	32293651
32297661	32297869
32301899	32302475
32330125	32330510
32333866	32334204
32340626	32340814
32341419	32341587
32343405	32343574
32346221	32346397
32352094	32352214
32352218	32352554
32352559	32352839
32435441	32435541
32439267	32439438
32445921	32446094
32462836	32463034
32463920	32464126
32464479	32464689
32477852	32478034
32478939	32479148
32480376	32480580
32480911	32481094
32482133	32482352
32487631	32487830
32495111	32495350
32497960	32498175
32500710	32500932
32505930	32506139
32545490	32545606
32545712	32545842
32546338	32546459
32546887	32547008
32547449	32547540
32547960	32548081
32548467	32548563
32550218	32550343
32554937	32555129
32555130	32555250
32579514	32579708
32586723	32586943
32586958	32587076
32587083	32587175
32587205	32587383
32588857	32589121
32589122	32589307
32590302	32590455
32598254	32598425
32614463	32614702
32616895	32617065
32620253	32620434
32621591	32621775
32625133	32625253
32625258	32625378
32626961	32627136
32628818	32629000
32630887	32631117
32633227	32633431
32634878	32635072
32643291	32643505
32644685	32644867
32647689	32647926
32650061	32650226
32651120	32651309
32754012	32754166
32754175	32754361
32754372	32754462
32756278	32756372
32756446	32756563
32756700	32756896
32758926	32759108
32763537	32763766
32764431	32764653
32766856	32767045
32783958	32784134
32788253	32788563
32789834	32790042
32791061	32791257
32791993	32792223
32793869	32794108
32795529	32795649
32795650	32795770
32796158	32796286
32797732	32797972
32802640	32802822
32804106	32804292
32804682	32804888
32808012	32808188
32810208	32810440
32811860	32811982
32812999	32813120
32815267	32815435
32827282	32827460
32828348	32828560
32829597	32829818
32831636	32831821
32833649	32833834
32838634	32838835
32841699	32841819
32841821	32842012
32843114	32843345
32849267	32849387
32849391	32849511
32853221	32853397
32870995	32871193
32871317	32871516
32874999	32875174
32875179	32875299
32879874	32880199
32880982	32881102
32881105	32881225
32883676	32883863
32887070	32887278
32889060	32889313
32891371	32891572
32894108	32894487
32909698	32909891
32913955	32914415
32923900	32924084
32924812	32925025
32929762	32929967
32934011	32934221
32937547	32937667
32937669	32937789
32992646	32992844
33197993	33198200
33229703	33229878
33245413	33245625
33253136	33253371
33253915	33254130
33255102	33255357
33260902	33261105
33264931	33265161
33327356	33327541
33376586	33376762
33402270	33402679
33562670	33562856
33670431	33670617
33672980	33673185
33679216	33679402
33700168	33700439
33712059	33712245
33733631	33733814
33777909	33778120
33780091	33780211
33780216	33780336
33828102	33828333
33832468	33832678
33960866	33961044
33968035	33968264
34000327	34000536
34022106	34022329
34046358	34046688
34157272	34157456
34426376	34426467
35463102	35463398
35478478	35478654
35480278	35480487
35481401	35481721
35658243	35658465
35659027	35659217
35659783	35659972
35660665	35661453
35661456	35661583
35679898	35680093
35681979	35682144
35683312	35683538
35684212	35684332
35684337	35684457
35688883	35689003
35689007	35689127
35689575	35689753
35695864	35696031
35713755	35713959
35717699	35717822
35717862	35718035
35718926	35719140
35719481	35719913
35723185	35723364
35726253	35726477
35727362	35727483
35728930	35729115
35729400	35729601
35730276	35730448
35731628	35731803
35734599	35734786
35741665	35741785
35741789	35741909
35742951	35743256
35777132	35777340
35779072	35779241
35782590	35783147
35785758	35785956
35789428	35789668
35796359	35796558
35797280	35797468
35797616	35797814
35799143	35799494
35802470	35802674
35804345	35804556
35806627	35806896
35808537	35808749
35809793	35810001
35811849	35812053
35812226	35812407
35812556	35812676
35812680	35812800
35813646	35813835
35815819	35816013
35817344	35817526
35817531	35817651
35819216	35819429
35820034	35820251
35942815	35943077
35947535	35947707
35947710	35948078
36003361	36003579
36006984	36007170
36013097	36013307
36052378	36052498
36052499	36052619
36054696	36055670
36113845	36114035
36116501	36116700
36122242	36122583
36122584	36123004
36123009	36123174
36124694	36124912
36140128	36140343
36141899	36142112
36142521	36142704
36146442	36146620
36152120	36152307
36155871	36156100
36156443	36156668
36157190	36157504
36161457	36161628
36164307	36164473
36173968	36174162
36177597	36177822
36205887	36206099
36217725	36218077
36218712	36218837
36236192	36236394
36334792	36334991
36335167	36335355
36357587	36357759
36424255	36424452
36537276	36537462
36537464	36538061
36541449	36541634
36545071	36545245
36545249	36545467
36545804	36546044
36549312	36549528
36550577	36550763
36552986	36553180
36556791	36556912
36587130	36587917
36591285	36591461
36593620	36593825
36595356	36595644
36597640	36597760
36597765	36597885
36597972	36598107
36623405	36623525
36623530	36624038
36624040	36624290
36627388	36627611
36629193	36629451
36633134	36633307
36633309	36633439
36633624	36633745
36634647	36634802
36635528	36635658
36649980	36650161
36651037	36651167
36653122	36653252
36653296	36653472
36655750	36656000
36657578	36657748
36661215	36662112
36678647	36678817
36680058	36680539
36681162	36681387
36681763	36682031
36682724	36682890
36684312	36684540
36684776	36684896
36684901	36685021
36685114	36685331
36688035	36688321
36689366	36689545
36689695	36689915
36690165	36690392
36691007	36691205
36691588	36691804
36692926	36693136
36694968	36695154
36696136	36696307
36696892	36697094
36697555	36697755
36698630	36698758
36700069	36700260
36701067	36701236
36701992	36702196
36702413	36702533
36702538	36702658
36705321	36705501
36708137	36708339
36710123	36710253
36712476	36712680
36714244	36714423
36715471	36715697
36716212	36716386
36716835	36716957
36717732	36717916
36718397	36718517
36718522	36718642
36720991	36721193
36722536	36722656
36722660	36722780
36723432	36723602
36737450	36737618
36744907	36745027
36745032	36745305
36863919	36864046
36864713	36864807
36872798	36872998
36876627	36876747
36876752	36876950
36886039	36886159
36886163	36886343
36889626	36889807
36891760	36891942
36891945	36892243
36893962	36894162
36897323	36897500
36900110	36900394
36900602	36900884
36901875	36902421
36906978	36907183
36907583	36907778
36908461	36908680
36912528	36912881
36913270	36913487
36914734	36914926
36915448	36915668
36916565	36916748
36919199	36919378
36919941	36920139
36920666	36920837
36921629	36921807
36921970	36922204
36960392	36960662
36960667	36960932
36962340	36962524
36983470	36983635
37098430	37098643
37154265	37154495
37158951	37159152
37159869	37160136
37162145	37162352
37163197	37163317
37163322	37163442
37163836	37164182
37171579	37171778
37196822	37197020
37207409	37207605
37209591	37209819
37211149	37211317
37212976	37213141
37257175	37257391
37260083	37260286
37260890	37261079
37263386	37263553
37266401	37266593
37267568	37267768
37268223	37268526
37271717	37272205
37273625	37273859
37318185	37318305
37318309	37318429
37319224	37319344
37319349	37319469
37319787	37320002
37321961	37322176
37325413	37325875
37326335	37326566
37326741	37326932
37328810	37328987
37329891	37330104
37331284	37331483
37331618	37331840
37332569	37332801
37333422	37334579
37335182	37335404
37387110	37387323
37387534	37387732
37395837	37396022
37397889	37398358
37399974	37400145
37407127	37407420
37414200	37414705
37414706	37414826
37415852	37416052
37419787	37420016
37420255	37420953
37421111	37421235
37425201	37425488
37447866	37447988
37448556	37448771
37449085	37449256
37452271	37452447
37453327	37453447
37453452	37453572
37455261	37455465
37456904	37457030
37457110	37457284
37457557	37457786
37458531	37458707
37462116	37462236
37462238	37462358
37462860	37463089
37464617	37464793
37465139	37465348
37466480	37466665
37466950	37467170
37469473	37469704
37470538	37470760
37471137	37471343
37479018	37479216
37480157	37480417
37480776	37480985
37482270	37482479
37485598	37485822
37491517	37491643
37491937	37492057
37492058	37492178
37492567	37492776
37494379	37494566
37499249	37499369
37499370	37499655
37515113	37515322
37524111	37524902
37528416	37528628
37531298	37531475
37532294	37532469
37533617	37533788
37535143	37535344
37538465	37538672
37538673	37538877
37539455	37539575
37539580	37539700
37540058	37540288
37578264	37578902
37580300	37580488
37581250	37581546
37584090	37584295
37602544	37602723
37602793	37603148
37603153	37603405
37603408	37603867
37622733	37622921
37627349	37627472
37627914	37628100
37628841	37629042
37636966	37637189
37637499	37637619
37637624	37637744
37640040	37640216
37678557	37678763
37688638	37688806
37690650	37690826
37691970	37692136
37693610	37693825
37695156	37695360
37696046	37696224
37696934	37697130
37698018	37698148
37699326	37699511
37700161	37700351
37705214	37705425
37705992	37706185
37706990	37707222
37707459	37707634
37708055	37708175
37708180	37708300
37709390	37709572
37769040	37769917
37769922	37770431
37770432	37771447
37771452	37771572
37865898	37866096
37868445	37868632
37870586	37870756
37872920	37873137
37875412	37875619
37876151	37876354
37876700	37876871
37881950	37882245
37887086	37887487
37887704	37887905
37888476	37888747
37888750	37888870
37890001	37890234
37891515	37891681
37891761	37892022
37892393	37892618
37893022	37893142
37893147	37893267
37898580	37898775
37899114	37899293
37899998	37900305
37900553	37900751
37902249	37902445
37903739	37903964
37904542	37904729
37904877	37905082
37906311	37906434
37911974	37912387
37913955	37914144
37914923	37915174
37962389	37962818
37964081	37964826
37966182	37966386
37966596	37966768
37967839	37968025
37975809	37975929
37975930	37976050
38004729	38004965
38005108	38005313
38010168	38010401
38012955	38013124
38014440	38014636
38015681	38015868
38016183	38016364
38016783	38016956
38017587	38017791
38019311	38019579
38020935	38021111
38021717	38021955
38025437	38025640
38025943	38026172
38026846	38027069
38028003	38028226
38028457	38028744
38035781	38035953
38037059	38037475
38038564	38038684
38038685	38038805
38038916	38039242
38039560	38039781
38040590	38040760
38040784	38040979
38041341	38041517
38042800	38042920
38042922	38043042
38043253	38043505
38044221	38044441
38046012	38046220
38046512	38046692
38049678	38049888
38051369	38051734
38051927	38052093
38054785	38055071
38055160	38055434
38061582	38061948
38071641	38071876
38072922	38073097
38074321	38074607
38075640	38075810
38082320	38082527
38083866	38084094
38084246	38084446
38084799	38084971
38086646	38086816
38087122	38087304
38097314	38097522
38106402	38106638
38109185	38109406
38111694	38111814
38111817	38111937
38119138	38119766
38120425	38120551
38120555	38120676
38120685	38120800
38120959	38121127
38121130	38121381
38121383	38122487
38129200	38129405
38130382	38131456
38134540	38134729
38136889	38137129
38142338	38142468
38146540	38146759
38147030	38147247
38147704	38147869
38150852	38151018
38151022	38151202
38151558	38151740
38153551	38154094
38155156	38155523
38161676	38161912
38163980	38164194
38164988	38165394
38167646	38167766
38167770	38167976
38168560	38168747
38201553	38201818
38201823	38202198
38203949	38204069
38204074	38204194
38205938	38206058
38206063	38206183
38208961	38209084
38209323	38209488
38209491	38209697
38211072	38211447
38211712	38211902
38212125	38212245
38212249	38212369
38212552	38212752
38219425	38219630
38219633	38219809
38220738	38220994
38221081	38221249
38221336	38221543
38227845	38228060
38228646	38228823
38228946	38229066
38229068	38229250
38229571	38229772
38234449	38234619
38236153	38236274
38239942	38240436
38243650	38243854
38245269	38245498
38245943	38246170
38246573	38246673
38247250	38247376
38247459	38247585
38251468	38251588
38251593	38251713
38254619	38254747
38258961	38259172
38259173	38259293
38259295	38259415
38266185	38266305
38266310	38266430
38270351	38270471
38270476	38270596
38271750	38271897
38271975	38272105
38273707	38273824
38274081	38274210
38282751	38282923
38284308	38284429
38302404	38302590
38307903	38308024
38308359	38308532
38313595	38313814
38314955	38315172
38317948	38318435
38320644	38320823
38321611	38321991
38323416	38323882
38327719	38327934
38328566	38329129
38333037	38333206
38333725	38333849
38336684	38336863
38340124	38340299
38340399	38340613
38341051	38341223
38343325	38343452
38347359	38347553
38349067	38349196
38349699	38349913
38352741	38352943
38355259	38355460
38363093	38363289
38363599	38363799
38367207	38367410
38368172	38368366
38369511	38370125
38370130	38370250
38373845	38373965
38373967	38374172
38379451	38379792
38382076	38382316
38382510	38383380
38384668	38384888
38385670	38386152
38421466	38421680
38421877	38422135
38422140	38422332
38436931	38437128
38453752	38453923
38455227	38455457
38461008	38461191
38463620	38463800
38463958	38464148
38464964	38465154
38466816	38467033
38467654	38467823
38468494	38468695
38468919	38469115
38469722	38469892
38470328	38470533
38470858	38471139
38474390	38474787
38476862	38477369
38477458	38477747
38477805	38478034
38478659	38478836
38481281	38481450
38481676	38481797
38482307	38482489
38483119	38483239
38483240	38483360
38484756	38485241
38485557	38485679
38489893	38490014
38492981	38493163
38494069	38494282
38494410	38494598
38503765	38503960
38504211	38504420
38505134	38505314
38506402	38506587
38508157	38508332
38508416	38508610
38509529	38509802
38509805	38509925
38511461	38511653
38512113	38512495
38516770	38516980
38519123	38519336
38521645	38521817
38522135	38522310
38522360	38522549
38523391	38523584
38524271	38524498
38525450	38525625
38528096	38528217
38528885	38529056
38530983	38531192
38535981	38536218
38539073	38539245
38540869	38540990
38541509	38541701
38543406	38543527
38544426	38544546
38544547	38544667
38559456	38559631
38559635	38559755
38563889	38564104
38565186	38565412
38609615	38609872
38610429	38611092
38617423	38617616
38617621	38617741
38620772	38620974
38621395	38621515
38621517	38621637
38622780	38622992
38626649	38626814
38627215	38627389
38641880	38642000
38642004	38642124
38642718	38642838
38642839	38642959
38643711	38643920
38689212	38689428
38690060	38690180
38690181	38690432
38690437	38690557
38692559	38692789
38693093	38693214
38694046	38694265
38694799	38694976
38695909	38696135
38696717	38696837
38696842	38697011
38698890	38699076
38699080	38699257
38709989	38710196
38822758	38823190
38823262	38824146
38864178	38864351
38870528	38870708
38875516	38875728
38877211	38877526
38878446	38878645
38881901	38882361
38882364	38882484
38883908	38884286
38886242	38886449
38887999	38888178
38889582	38889787
38889956	38890123
38890620	38891062
38891792	38891973
38894037	38894213
38894372	38894597
38895345	38895525
38897119	38897318
38901975	38902095
38902100	38902304
38903464	38903650
38915945	38916133
38917627	38917755
38933493	38933697
38934251	38934631
38935261	38935441
38945892	38946084
38948599	38948788
38951298	38951475
38958218	38958409
38962547	38962667
38962669	38962789
38963460	38963652
38964137	38964345
38978297	38978417
38978422	38978542
38978850	38979055
38982014	38982243
38987379	38987570
38993132	38993352
38995777	38995958
39001246	39001367
39003353	39003520
39016211	39016398
39019160	39019288
39022104	39022287
39024195	39024380
39024727	39024942
39032485	39032652
39034678	39034910
39035623	39035799
39041525	39041709
39045980	39046217
39063935	39064153
39066859	39067126
39069151	39069340
39077940	39078060
39078064	39078184
39078344	39078526
39078932	39079053
39079647	39079767
39079771	39079891
39083899	39084118
39084882	39085098
39085236	39085445
39095854	39096058
39101894	39102106
39104763	39105003
39111888	39112080
39112603	39112723
39112728	39113004
39117724	39117891
39120201	39120415
39121959	39122405
39123126	39123333
39123953	39124127
39125439	39125628
39126510	39126708
39130320	39130518
39131084	39131290
39131960	39132450
39133946	39134114
39134115	39134294
39134514	39134707
39134708	39135000
39135229	39135442
39135721	39135957
39136310	39136512
39136990	39137175
39137493	39137686
39138287	39138407
39138412	39138609
39140969	39141170
39141629	39141808
39144622	39144797
39145670	39145859
39146167	39146287
39146290	39146410
39146885	39147005
39147008	39147453
39148507	39148739
39150633	39150821
39150839	39151012
39175491	39175696
39176867	39177054
39178658	39178826
39218673	39218885
39219016	39219223
39222504	39222624
39222628	39222805
39224221	39224549
39239216	39239666
39239722	39239848
39262241	39262662
39262667	39263273
39267400	39267595
39267685	39267983
39268078	39268243
39353625	39353753
39355496	39355661
39357386	39357476
39357490	39357694
39358163	39358272
39358293	39358478
39358524	39358624
39360578	39360755
39378297	39378424
39380160	39380290
39381803	39381958
39381973	39382099
39382402	39382532
39385403	39385580
39387331	39387421
39387435	39387639
39387994	39388084
39388099	39388222
39388229	39388414
39388460	39388560
39410261	39410382
39411592	39411713
39413687	39413778
39413915	39414045
39414230	39414388
39417380	39417509
39418924	39419054
39421095	39421216
39421265	39421386
39421427	39421547
39421617	39421779
39425374	39425496
39427654	39427755
39427835	39427985
39428110	39428240
39436866	39437021
39438943	39439070
39439076	39439166
39440022	39440146
39440932	39441087
39441102	39441227
39441383	39441473
39441488	39441587
39445430	39445551
39448035	39448135
39448215	39448365
39448610	39448736
39473267	39473422
39474938	39475065
39475071	39475161
39476930	39477126
39477129	39477249
39477434	39477615
39479700	39479881
39482227	39482517
39483087	39483185
39483247	39483376
39496210	39496402
39497210	39497481
39497903	39498068
39498455	39498577
39499654	39499821
39529821	39530016
39530334	39530454
39530456	39530739
39534609	39534780
39537339	39537460
39545653	39545878
39548329	39548450
39621745	39621938
39626114	39626283
39627660	39627866
39629381	39629547
39631674	39631887
39636754	39636883
39639810	39639979
39656878	39657110
39708953	39709074
39709275	39709402
39709700	39709943
39710180	39710302
39710673	39710763
39710778	39710868
39711213	39711343
39711517	39711807
39712810	39712930
39712934	39713060
39713398	39713498
39713578	39713678
39714350	39714450
39714530	39714630
39714912	39715129
39715509	39715685
39746007	39746134
39760168	39760288
39760292	39760412
39770312	39770693
39771874	39772073
39772075	39772195
39772873	39773082
39773554	39773748
39777686	39777865
39795759	39795936
39811027	39811241
39811428	39811624
39812717	39812837
39812841	39812961
39813671	39813859
39814655	39814842
39815426	39815639
39817749	39817946
39822676	39822904
39823948	39824151
39826056	39826251
39832401	39832580
39882124	39882276
39883274	39883813
39883816	39884922
39907272	39907392
39907393	39907513
39907786	39908017
39908223	39908520
39909471	39910298
39911198	39911378
39913499	39913728
39917628	39917793
39917908	39917999
39918050	39918168
39918232	39918323
39918367	39918458
39918571	39918671
39925457	39925629
39925800	39925984
39928351	39928551
39928673	39928875
39966815	39967190
39969061	39969185
39969730	39969946
39983584	39983713
39994079	39994258
39996485	39996653
40015236	40015405
40030566	40030686
40030691	40030811
40036861	40036981
40036986	40037243
40038803	40038970
40042578	40042835
40043751	40043930
40045469	40045844
40045849	40045969
40052328	40052519
40052647	40052770
40053691	40053926
40054188	40054393
40054897	40055026
40055373	40055493
40055498	40055618
40055696	40055816
40055821	40055941
40056232	40056437
40057073	40057303
40057962	40058450
40058764	40058932
40059680	40059853
40060006	40060184
40060730	40060899
40061519	40061691
40061786	40062005
40064246	40064442
40066140	40066266
40066833	40067005
40068096	40068308
40068917	40069037
40069042	40069162
40069959	40070158
40073321	40073486
40074002	40074199
40075069	40075410
40075684	40075867
40076895	40077077
40078536	40078710
40080279	40080498
40081743	40081872
40081956	40082412
40139625	40140240
40161217	40161588
40216972	40217141
40231838	40232007
40257763	40258020
40271703	40271793
40271808	40272054
40272063	40272152
40283353	40283751
40297142	40297330
40343068	40343296
40351722	40351929
40355987	40356196
40361972	40362174
40364015	40364321
40365335	40365519
40366927	40367151
40391044	40391311
40391312	40391574
40415189	40415396
40415889	40416078
40417240	40417588
40417591	40417843
40417847	40417967
40425418	40425587
40521750	40521938
40545611	40545702
40545991	40546120
40552105	40552274
40574098	40574304
40641922	40642155
40647150	40647353
40649564	40649749
40657771	40658141
40660666	40662226
40662228	40662992
40666114	40666242
40669375	40669495
40669498	40669618
40672994	40673161
40673893	40674118
40675920	40676154
40677047	40677254
40681588	40681708
40681712	40681832
40696416	40696642
40696807	40697003
40697202	40697392
40704421	40704541
40704543	40704663
40706764	40706981
40708479	40708599
40708601	40708721
40708834	40709063
40711276	40711446
40711896	40712023
40717026	40717208
40718803	40718923
40718925	40719218
40742556	40742725
40745796	40746082
40748938	40749058
40749059	40749179
40749266	40749387
40750195	40750373
40754790	40755011
40755184	40755361
40756379	40756613
40757250	40757450
40757506	40757742
40758966	40759141
40760242	40760362
40760366	40760486
40760817	40761043
40762356	40762533
40796665	40796862
40797555	40797685
40798112	40798284
40800192	40800637
40801086	40801264
40801595	40801808
40802060	40802274
40802436	40802556
40802560	40802935
40803033	40803575
40803664	40803881
40803992	40804167
40804265	40804472
40804588	40804991
40805203	40805744
40807380	40807963
40812973	40813163
40813291	40813463
40814354	40815407
40816373	40816493
40816496	40816616
40816846	40817125
40819470	40819692
40820254	40820436
40825358	40825730
40827300	40827497
40831407	40831640
40832242	40832416
40859168	40859397
40915375	40915495
40915499	40915619
41075408	41075733
41076971	41077919
41166800	41167009
41169892	41170064
41172170	41172344
41172967	41173362
41175011	41175191
41180459	41180609
41188556	41188754
41190448	41190569
41193271	41193471
41194971	41195092
41209861	41209982
41215176	41215348
41222638	41222760
41223208	41223330
41225643	41225764
41226935	41227056
41228142	41228263
41228642	41228765
41231665	41231786
41236664	41236790
41240716	41240837
41244174	41244295
41246852	41246974
41252371	41252471
41253143	41253342
41256665	41256780
41257018	41257536
41257538	41257972
41264966	41265203
41265968	41266173
41277753	41278207
41282366	41282492
41284355	41284446
41303001	41303122
41303511	41303690
41305116	41305313
41310194	41310408
41318280	41318508
41320317	41320445
41322249	41322426
41347371	41347584
41349475	41349595
41349600	41349720
41359948	41360172
41363783	41363997
41368323	41368561
41460505	41460595
41488480	41488658
41488952	41489072
41489074	41489194
41513153	41513766
41521857	41522055
41523420	41523727
41525857	41526032
41527428	41527594
41527598	41527718
41531769	41531949
41533582	41533808
41536106	41536284
41537080	41537264
41542658	41542823
41543783	41544014
41544988	41545211
41545775	41546266
41547849	41548064
41548215	41548387
41550972	41551152
41553150	41553423
41554335	41554504
41556643	41556818
41558704	41558888
41559960	41560167
41562552	41562723
41564421	41564851
41565402	41565522
41565523	41565643
41566387	41566572
41568522	41568689
41569663	41569784
41572227	41572431
41572436	41572556
41572724	41572975
41572980	41574678
41574680	41574964
41601317	41601525
41604397	41604518
41605651	41605933
41609837	41610056
41612082	41612276
41613063	41613231
41615430	41615643
41616663	41616783
41616784	41616904
41617234	41617448
41620008	41620266
41620684	41620854
41620897	41621078
41621806	41621989
41622583	41622762
41623099	41623381
41623437	41623644
41623689	41623883
41625476	41625695
41626134	41626309
41631144	41631367
41632431	41632618
41633192	41634751
41634756	41634958
41635402	41635587
41636726	41636908
41642598	41642802
41645350	41645540
41645713	41645879
41646958	41647125
41648792	41648983
41650239	41650362
41650452	41650543
41652047	41652362
41652681	41652859
41653972	41654182
41657369	41657563
41660678	41660895
41664078	41664254
41670613	41670811
41673440	41673652
41676620	41677038
41716549	41716738
41718533	41718762
41721531	41721900
41723164	41723332
41725904	41726125
41728091	41728295
41734136	41734302
41734303	41734471
41735056	41735255
41735812	41736197
41736995	41737215
41738534	41738738
41739363	41739580
41741978	41742151
41744068	41744276
41745154	41745356
41747507	41747695
41751427	41751618
41751751	41752072
41752292	41752485
41752627	41752795
41753175	41753445
41754751	41754958
41763466	41763632
41778065	41778257
41778837	41779009
41783279	41783399
41783403	41783683
41790146	41790350
41791748	41791965
41829740	41829891
41832335	41832509
41832514	41832764
41832769	41833274
41856454	41856575
41863537	41863667
41864088	41864272
41864488	41864608
41864613	41864733
41865005	41865125
41865130	41865250
41895818	41895948
41903835	41904103
41907883	41908059
41911471	41911601
41911864	41911994
41913540	41913706
41914535	41914656
41916261	41916382
41918926	41919056
41919102	41919222
41919227	41919347
41919925	41920046
41920868	41921051
41921142	41921271
41922362	41922486
41923212	41923341
41923831	41923952
41924534	41924655
41925269	41925445
41925604	41925726
41926664	41926888
41927983	41928184
41928615	41928783
41929644	41929851
41936596	41936806
41939721	41939973
41939976	41940096
41967974	41968094
41968098	41968218
41969670	41969878
41970710	41970887
41973238	41973447
41973803	41974027
41974750	41974932
41979869	41980059
41980173	41980406
41980521	41980707
41982082	41982299
41984969	41985153
41985607	41985820
41996989	41997217
41999256	41999473
41999991	42000216
42003256	42003447
42003771	42003992
42016725	42016907
42018006	42018179
42024167	42024288
42032228	42032357
42032436	42032536
42032711	42032841
42033688	42033831
42042977	42043100
42046813	42046943
42049630	42049730
42052993	42053118
42054343	42054464
42057412	42057533
42059582	42059838
42071014	42071230
42076241	42076443
42078263	42078451
42084657	42084777
42084781	42084901
42086304	42086488
42086671	42086900
42089418	42089958
42095508	42095704
42099277	42099497
42101470	42101639
42109976	42110192
42111941	42112146
42114098	42114331
42119938	42120123
42125643	42125763
42125767	42125887
42126447	42126627
42128283	42128655
42139059	42139296
42140886	42141107
42141816	42142018
42144005	42144219
42148467	42148667
42149927	42150158
42154297	42154417
42154422	42154542
42159195	42159412
42163520	42163741
42166634	42166941
42172035	42172231
42174602	42174817
42177276	42177487
42177717	42177924
42180340	42180534
42180540	42180764
42189839	42190040
42190345	42190525
42191481	42191609
42191634	42191864
42195221	42195421
42204825	42205064
42205785	42205985
42206185	42206396
42209275	42209445
42209631	42209834
42221653	42221832
42229252	42229420
42262806	42262927
42262990	42263284
42264554	42264747
42266841	42267021
42269869	42270051
42271354	42271728
42273167	42273390
42273908	42274078
42274578	42274766
42276652	42276943
42280767	42280985
42289162	42289331
42290723	42290961
42292974	42293157
42294631	42294856
42296285	42296471
42296881	42297064
42298934	42299110
42300509	42300932
42301511	42301715
42301908	42302080
42305766	42306135
42306440	42306644
42307227	42307448
42310177	42310528
42310587	42310708
42319197	42319372
42321421	42321621
42322015	42322305
42322624	42322819
42324085	42324276
42334978	42335203
42336100	42336310
42339577	42339697
42339700	42339820
42341181	42341441
42341918	42342094
42342341	42342530
42342939	42343133
42354179	42354462
42372964	42373148
42377679	42377850
42381892	42382109
42383180	42383390
42383533	42383754
42385539	42385714
42387521	42387690
42388674	42388856
42390178	42390368
42390640	42390851
42392776	42392896
42392899	42393019
42394807	42394991
42415240	42415420
42415582	42415803
42416003	42416124
42418239	42418427
42422759	42422889
42423062	42423258
42428612	42428825
42456247	42456412
42456916	42457095
42458804	42458972
42461779	42461945
42462718	42462917
42463159	42463361
42463768	42463973
42464358	42464552
42466165	42466395
42473347	42474144
42475796	42476015
42477939	42478127
42482148	42482370
42483017	42483211
42486602	42486789
42522572	42522712
42522904	42522997
42523372	42523462
42523475	42523565
42523614	42523864
42523938	42524055
42524152	42524242
42524248	42524367
42524758	42524983
42525115	42525245
42525290	42525499
42525685	42525815
42525863	42525984
42526565	42526718
42526719	42526809
42536285	42536425
42536617	42536710
42537092	42537182
42537187	42537277
42537359	42537550
42537579	42537755
42537854	42537944
42537950	42538069
42538435	42538525
42538538	42538677
42538810	42538940
42538986	42539180
42539402	42539527
42539534	42539655
42540236	42540389
42540391	42540481
42546669	42546759
42546772	42546862
42557292	42557460
42564657	42564862
42565831	42566037
42575520	42575752
42605601	42611162
42611166	42611286
42781153	42781355
42782949	42783127
42793767	42793976
42805414	42805534
42805536	42805656
42807330	42807711
42828179	42828405
42896617	42896795
42897617	42897707
42897710	42897836
42897849	42898054
42898293	42898424
42898651	42898814
42899171	42899289
42901020	42901140
42905025	42905161
42906583	42906673
42908187	42908277
42908850	42909005
42910106	42910225
42910240	42910330
42910681	42910804
42911112	42911202
42911207	42911297
42912008	42912175
42912293	42912408
42913909	42914039
42914640	42914773
42915644	42915769
42949922	42950113
42950930	42951020
42951023	42951149
42951162	42951367
42951606	42951737
42951964	42952129
42952486	42952604
42954335	42954455
42956188	42956391
42959482	42959609
42962214	42962337
42967118	42967236
42968388	42968535
42969903	42969993
42970005	42970095
42970738	42970828
42972062	42972152
42972511	42972634
42972942	42973032
42973037	42973127
42976852	42976985
42980845	42981068
42981167	42981396
42981802	42981922
42981927	42982047
42983497	42983672
42987899	42988067
42991422	42991623
42992206	42992409
42993650	42993776
42995600	42995794
42997898	42998087
42998824	42999212
43010747	43010947
43015811	43016023
43019780	43019958
43023204	43023406
43023588	43023754
43024126	43024314
43026858	43027034
43027260	43027492
43032743	43032909
43035922	43036042
43036133	43036263
43040409	43040597
43045229	43045350
43088578	43089963
43193498	43193670
43194942	43195165
43202983	43203103
43203104	43203224
43204743	43204946
43206821	43206994
43213121	43213291
43213659	43213871
43218284	43218506
43219594	43219775
43222845	43223063
43227525	43227712
43230211	43230421
43231312	43231523
43236859	43237032
43243479	43243669
43253081	43253267
43253903	43254003
43254358	43254458
43267374	43267556
43272176	43272350
43272829	43272998
43275061	43275244
43278090	43278327
43280356	43280476
43280481	43280601
43284602	43284769
43286864	43287151
43289494	43289699
43305488	43305711
43307975	43308160
43414528	43414758
43435763	43435884
43442411	43442627
43447765	43447936
43455413	43455586
43459773	43459990
43460102	43460338
43464355	43464562
43465606	43465831
43466052	43466172
43466174	43466294
43471396	43471516
43471518	43471638
43519978	43520177
43523592	43523712
43523714	43523834
43524483	43524648
43525307	43525437
43529072	43529559
43533058	43533240
43537064	43537258
43538875	43539333
43555202	43555435
43557056	43557288
43558845	43559134
43563140	43563353
43564046	43564247
43564744	43564916
43565480	43565906
43567782	43567947
43568428	43568608
43569617	43569846
43570130	43570619
43572317	43572444
43575655	43575852
43575857	43576061
43576724	43576891
43578911	43579140
43582895	43583101
43594367	43594750
43599996	43600208
43603456	43603622
43604034	43604216
43606097	43606278
43606892	43607070
43608416	43608638
43610088	43610271
43614318	43614504
43616401	43616582
43617194	43617359
43618639	43618848
43619110	43619323
43623375	43623543
43625077	43625294
43627770	43627942
43634771	43635010
43651448	43651638
43654240	43654442
43658741	43658950
43687076	43687247
43715964	43716163
43735099	43735278
43739155	43739355
43813973	43814198
43820979	43821237
43830936	43831131
43870659	43870830
43894067	43894240
43898537	43898735
43901325	43901499
43924727	43924907
43926701	43926898
43930573	43930746
43933260	43933497
43935991	43936476
43950725	43951018
43972133	43972370
43976398	43976586
43985868	43986075
43995983	43996164
44004369	44004548
44011684	44011874
44022282	44022578
44027978	44028099
44030920	44031101
44063011	44063198
44064744	44064920
44067863	44068036
44068038	44068207
44073826	44074002
44079563	44079764
44083347	44083468
44107384	44107551
44112727	44112902
44127572	44127782
44131682	44131858
44151538	44151721
44161166	44161337
44168744	44168928
44178079	44178265
44221774	44222006
44223344	44223549
44224965	44225141
44229481	44229650
44234747	44234912
44235748	44235939
44237601	44237798
44258095	44258260
44276608	44276823
44277404	44277580
44280103	44280317
44282144	44282317
44283424	44283662
44285178	44285361
44285688	44285869
44286867	44287177
44287509	44287737
44319737	44319931
44322779	44323083
44324582	44324793
44328699	44328907
44330425	44330642
44332907	44333128
44335815	44335997
44340462	44340665
44342024	44342144
44342147	44342349
44342470	44342676
44351340	44351514
44359077	44359269
44360339	44360510
44364520	44364714
44368006	44368126
44368131	44368251
44368732	44368955
44369056	44369225
44371866	44371986
44371988	44372108
44372511	44372723
44373730	44373937
44377201	44377383
44379688	44379892
44384901	44385021
44385026	44385146
44386159	44386358
44392131	44392309
44395220	44395546
44420217	44420338
44435818	44435939
44464999	44465169
44489691	44489902
44495910	44496093
44514877	44515052
44515536	44515736
44527314	44527480
44528673	44528874
44532223	44532418
44535944	44536167
44536327	44536501
44543587	44543816
44547326	44547499
44553849	44554017
44559696	44559904
44564388	44564575
44568835	44569063
44579095	44579295
44581636	44581804
44582368	44582488
44582493	44582613
44583583	44583775
44584960	44585127
44586339	44586551
44587808	44588010
44589624	44589794
44591996	44592165
44592166	44592286
44594468	44594645
44601515	44601727
44602091	44602315
44645394	44645515
44681259	44681379
44681383	44681643
44692556	44692745
44696749	44696916
44761434	44761651
44761719	44761840
44892755	44893467
44965260	44965464
44966274	44966475
44967208	44967382
44967805	44968026
45075577	45075781
45098300	45098493
45110360	45110558
45121065	45121234
45122402	45122567
45126719	45126902
45127523	45127693
45128151	45128363
45130824	45131046
45132702	45133155
45148495	45148624
45182249	45182369
45182371	45182491
45197873	45198086
45204147	45204322
45204435	45204561
45204982	45205159
45210446	45210642
45218195	45218363
45221362	45221571
45241047	45241229
45243729	45243941
45244774	45244941
45255604	45255727
45258112	45258499
45278998	45279237
45281302	45281502
45281695	45281862
45283801	45284029
45285500	45285696
45287146	45287327
45289327	45289497
45291891	45292064
45309731	45309929
45312109	45312312
45312317	45312520
45316272	45316485
45404314	45404529
45404605	45404726
45405263	45405490
45564094	45564215
45566744	45566965
45567544	45567665
45571727	45571827
45571907	45572007
45574079	45574179
45574747	45574872
45577213	45577334
45579365	45579489
45580304	45580404
45593032	45593234
45593627	45593792
45595674	45595893
45596706	45596930
45598818	45599042
45599728	45599908
45601030	45601227
45601489	45601789
45603563	45603755
45607836	45608186
45609044	45609164
45609165	45609285
45622049	45622232
45636470	45636593
45680867	45681081
45681846	45682022
45683053	45683356
45684854	45685029
45689048	45689265
45691372	45691601
45718012	45718404
45718989	45719181
45719184	45719304
45723754	45723875
45724254	45724372
45726406	45726616
45728359	45728557
45731179	45731352
45732101	45732329
45736233	45736401
45740385	45740571
45741340	45741557
45745482	45745685
45748243	45748363
45748368	45748488
45749889	45750058
45750835	45751029
45754554	45754745
45755625	45755803
45757707	45757898
45758675	45758882
45765793	45765968
45767295	45767503
45768040	45768218
45779344	45779524
45782713	45782879
45785605	45785787
45789494	45789659
45790488	45790718
45792205	45792379
45794968	45795238
45798239	45798510
45802260	45802747
45804588	45804789
45809322	45809523
45809698	45809937
45810165	45810386
45813476	45813821
45818174	45818351
45821768	45822062
45826703	45826823
45826824	45826944
45828154	45828363
45898040	45898211
45898904	45899033
45913481	45913684
45914543	45914733
45918864	45919069
45921444	45921645
45923765	45923953
45927091	45927213
45928949	45929138
45929568	45929799
45931045	45931221
45937067	45937295
45937938	45938141
45939183	45939391
45942866	45943070
45944454	45944645
45946310	45946480
45953927	45954018
45958753	45959135
45960664	45960884
45960986	45961152
45961865	45961956
45970378	45970544
45972853	45973024
45996207	45996418
46067841	46068070
46085611	46085807
46088812	46088984
46096144	46096316
46098553	46098774
46114270	46114493
46125272	46125612
46130119	46130239
46130244	46130364
46134575	46134759
46136235	46136426
46156318	46156547
46189468	46189592
46202821	46203052
46207505	46207742
46218963	46219148
46238807	46239040
46239411	46239597
46318778	46318950
46318952	46319206
46323361	46323482
46326975	46327241
46345794	46346058
46367970	46368149
46371347	46371530
46372509	46372683
46402650	46403090
46403093	46403258
46447748	46447839
46449620	46449994
46486842	46486962
46486967	46487087
46493752	46493977
46494351	46494562
46498951	46499156
46501224	46501344
46501346	46501599
46501604	46501724
46505051	46505237
46505678	46505945
46508580	46508750
46509504	46509690
46594331	46594528
46611102	46611313
46614127	46614339
46615677	46615885
46615886	46616006
46627682	46627802
46627807	46628175
46630984	46631241
46640715	46640835
46640840	46641090
46641095	46641215
46642512	46642704
46642958	46643078
46643079	46643199
46644022	46644142
46644144	46644264
46652448	46652968
46652969	46653223
46653227	46654074
46654078	46657048
46657051	46657813
46657816	46657983
46657988	46658748
46658836	46659210
46663878	46664055
46664372	46664493
46664973	46665197
46668147	46668322
46669790	46669969
46671166	46671350
46674357	46674583
46675891	46676094
46677491	46677662
46677747	46677971
46679855	46680044
46681085	46681280
46682947	46683113
46684298	46684495
46685221	46685453
46685672	46685841
46687982	46688103
46688598	46688778
46693270	46693469
46704023	46704188
46704193	46704445
46704447	46704823
46707994	46708163
46709704	46709893
46711896	46712096
46712101	46712278
46719000	46719120
46719125	46719245
46722362	46722482
46722483	46722603
46724495	46724786
46725231	46725437
46725937	46726124
46731627	46731844
46733692	46733865
46739109	46739230
46742335	46742524
46746139	46746375
46748046	46748267
46749618	46749813
46751365	46751550
46751813	46751991
46752723	46752950
46755597	46755788
46759026	46759201
46759923	46760188
46760475	46760647
46761116	46761286
46761472	46761687
46762176	46762387
46762890	46763075
46763553	46763735
46765047	46765214
46765527	46765647
46765651	46765903
46765907	46766112
46768727	46768955
46772960	46773197
46774434	46774614
46776608	46776822
46777732	46777918
46780409	46780530
46782267	46782387
46782392	46782512
46785228	46785452
46786284	46786498
46786977	46787207
46787575	46787783
46790056	46790249
46792521	46792722
46793587	46793803
46794419	46794639
46795634	46795754
46795759	46795879
46804928	46805105
46805644	46805816
46806288	46806491
46807493	46807694
46829290	46829481
46832005	46832224
46835072	46835246
46844363	46844601
46858707	46858930
46859567	46859857
46859862	46860219
46929453	46929827
46929830	46930932
46930937	46931612
46931616	46932377
46932381	46932976
47022654	47022819
47033712	47033887
47053993	47054187
47057173	47057350
47058940	47059106
47059649	47059842
47059878	47060057
47061492	47061663
47062597	47062811
47063905	47064070
47064532	47064652
47064657	47064777
47066851	47067049
47068667	47068861
47069574	47069761
47070455	47070657
47071323	47071493
47072397	47072575
47073046	47073169
47082961	47083154
47085945	47086151
47087417	47087619
47089315	47089484
47091016	47091244
47095144	47095330
47097527	47097721
47103650	47103866
47106884	47107068
47108039	47108210
47115996	47116206
47116775	47116998
47133929	47134050
47158634	47158754
47158755	47158875
47185275	47185397
47188378	47188743
47189364	47189653
47189655	47189775
47193366	47193591
47274461	47274626
47287183	47287357
47290569	47290753
47307912	47308099
47309120	47309358
47311188	47311749
47370096	47370300
47393437	47393623
47432887	47433007
47433012	47433132
47507320	47507528
47569101	47569270
47857464	47857641
47859020	47859140
47859144	47859264
47882371	47882567
48021160	48021280
48021283	48021403
48023213	48023416
48025065	48025237
48670059	48670180
48885397	48885574
48896667	48896846
48935183	48935365
48940421	48940695
48942311	48942482
48972274	48972454
49042360	49042544
49089044	49089223
49103464	49103634
49145558	49145737
49176083	49176286
49246484	49246706
49575888	49576069
49667933	49668155
49834717	49834837
49834841	49834961
49937028	49937237
50014088	50014263
50016751	50017117
50017120	50017240
50018065	50018359
50018405	50018594
50020473	50020659
50050992	50051082
50051092	50051182
50167926	50168129
50169193	50169358
50169689	50169854
50170623	50170827
50171349	50171555
50181050	50181303
50181305	50181561
50187710	50188002
50191447	50191824
50192116	50192314
50192658	50192836
50197887	50198062
50211824	50212011
50216641	50217234
50217239	50217574
50217579	50218013
50277288	50278088
50278093	50278343
50278344	50280298
50280303	50280642
50280643	50280809
50296895	50297015
50297020	50297780
50297785	50298205
50301319	50301534
50302897	50303102
50303482	50303693
50304120	50304304
50306997	50307117
50307120	50307374
50312435	50312643
50312836	50313048
50313390	50313564
50313698	50313894
50315158	50315278
50315283	50315403
50315955	50316172
50316205	50316326
50316919	50317126
50317958	50318165
50319006	50319190
50319195	50319315
50320873	50321084
50354564	50354685
50354747	50355464
50356359	50356530
50356535	50356816
50435442	50435638
50435718	50435912
50436017	50436185
50436483	50436787
50437707	50437946
50438273	50438460
50438862	50439063
50439137	50439333
50439428	50439659
50453488	50453710
50454798	50455037
50468889	50469400
50470081	50470540
50471623	50471896
50472810	50472976
50479590	50479763
50480039	50480249
50483706	50483877
50484180	50484390
50485596	50485775
50487628	50487803
50488564	50488729
50492970	50493192
50493611	50493735
50495248	50495413
50500001	50500209
50502502	50502696
50506820	50506996
50508940	50509106
50512635	50512806
50515167	50515353
50515755	50515933
50518314	50518479
50518732	50518940
50521394	50521627
50523160	50523280
50523285	50523405
50528478	50528646
50528846	50529057
50530383	50530621
50537856	50538087
50546593	50546875
50547118	50547240
50548110	50548201
50552066	50552237
50552800	50553083
50553521	50553749
50555570	50555749
50558945	50559110
50563767	50563961
50564503	50564623
50564628	50564748
50566808	50566929
50572362	50572536
50572926	50573092
50580440	50580607
50581491	50581657
50581661	50581781
50582440	50582641
50584017	50584236
50585408	50585535
50587957	50588135
50589200	50589377
50591515	50591715
50596417	50596619
50598096	50598262
50599150	50599489
50599680	50599898
50609212	50609396
50613833	50614006
50615304	50615932
50615934	50616794
50617325	50617445
50617447	50617727
50631356	50631557
50631921	50632087
50632770	50633000
50633293	50633466
50635657	50636010
50636235	50636414
50636415	50636620
50636777	50636958
50637442	50637648
50639464	50639634
50639720	50639996
50644788	50645001
50646853	50647150
50648627	50648805
50649014	50649334
50650912	50651042
50654150	50654381
50655062	50655182
50655185	50656883
50656884	50657314
50657495	50657688
50657689	50657875
50658066	50658493
50658635	50659160
50659334	50659608
50659654	50660351
50660437	50660618
50660798	50660997
50662608	50662999
50664259	50664679
50664684	50664849
50665150	50665319
50665417	50665623
50666286	50666471
50667757	50667967
50671710	50671897
50678647	50678848
50682064	50682858
50683897	50684560
50684714	50684891
50685145	50685313
50685316	50685436
50686125	50686825
50686829	50686949
50687084	50687358
50687512	50687694
50687759	50688160
50688302	50688594
50688795	50688978
50689239	50689509
50691717	50691911
50693551	50693802
50693807	50694350
50694430	50694643
50694951	50695137
50695350	50695640
50696284	50696456
50696592	50696771
50699579	50699753
50699823	50699944
50703372	50703544
50703728	50704080
50704560	50704765
50704931	50705362
50705363	50705789
50705791	50706078
50706230	50706398
50708580	50708746
50713771	50713968
50714122	50714427
50715041	50715238
50715240	50715360
50716022	50716190
50716192	50716698
50716831	50717139
50717276	50717470
50718047	50718215
50718382	50718550
50718930	50719631
50719783	50719903
50719905	50720580
50720585	50720771
50721134	50721310
50721385	50721589
50721678	50721877
50722020	50722206
50722211	50722461
50722549	50722676
50722965	50723132
50723180	50723353
50724235	50724707
50725552	50725742
50726110	50726470
50727160	50727618
50727963	50728992
50750560	50751051
50751424	50751633
50751837	50751960
50752030	50752306
50752615	50752735
50752740	50752992
50752995	50753336
50754031	50754218
50754462	50755179
50755671	50755844
50756336	50756519
50757214	50757513
50765187	50765376
50832245	50832535
50845048	50845168
50845173	50845293
50852886	50853092
50854415	50854595
50857229	50857394
50857751	50857871
50857876	50857996
50860612	50860788
50861804	50861924
50861929	50862049
50869564	50869750
50870554	50870683
50873294	50873416
50874764	50874959
50875329	50875450
50875982	50876104
50876217	50876338
50876581	50876702
50877044	50877222
50878075	50878195
50878200	50878450
50879289	50879410
50882340	50882731
50885158	50885279
50885608	50885967
50886693	50887035
50887037	50887157
50892927	50893048
50893137	50893473
50893541	50893729
50893733	50893899
50893903	50894033
50894703	50895153
50895378	50895498
50895501	50895621
50897639	50897759
50897764	50898014
50898019	50898139
50898307	50898760
50898765	50898930
50898934	50899100
50899605	50899806
50899896	50900369
50900445	50900696
50900701	50901152
50901267	50901456
50901730	50901948
50902772	50903039
50903040	50903835
50904232	50904405
50904410	50904575
50904580	50904830
50904835	50905085
50905090	50905210
50905800	50906309
50906314	50906434
50906796	50907004
50913224	50913349
50920283	50920490
50920912	50921032
50921034	50921795
50925179	50925376
50925692	50925812
50925816	50925936
50926068	50926442
50926638	50926820
50927456	50928216
50941789	50942358
50942782	50942903
50942955	50944247
50944425	50944887
50944890	50945396
50945399	50945519
50945987	50946113
50946759	50946880
50954146	50954268
50954812	50954993
50955816	50956199
50956375	50956643
50956994	50957173
50957572	50957798
50959299	50959472
50959951	50960295
50960297	50961398
50961402	50961777
50962040	50962551
50962552	50963076
50964165	50965129
50965650	50966186
50966827	50967063
50967527	50968129
50968769	50968973
50969101	50970161
50970305	50970510
50986581	50988438
50989622	50989812
50994752	50994875
51007717	51007891
51008005	51008198
51008726	51008929
51009339	51009535
51009538	51009790
51009793	51009980
51010477	51010665
51010669	51010789
51011234	51011458
51011930	51012155
51012277	51012446
51012786	51013045
51014450	51014737
51014855	51015087
51015226	51015431
51015731	51015909
51016136	51016323
51017578	51017752
51017821	51018034
51018142	51018736
51018737	51018857
51018994	51019190
51019803	51020004
51020180	51020365
51020683	51020812
51020890	51021236
51039199	51039324
51040227	51040415
51041515	51041741
51041798	51042311
51042315	51042651
51042656	51042917
51042957	51043541
51043772	51044303
51044976	51045182
51045275	51045445
51048189	51048496
51048542	51048737
51049087	51049304
51063622	51064133
51064405	51064753
51065010	51065446
51065450	51065812
51065971	51066139
51113067	51113188
51113525	51113728
51114980	51115147
51117005	51117880
51121742	51121937
51123001	51123169
51133139	51133451
51135533	51135743
51135964	51136152
51137105	51137336
51142171	51142373
51142504	51142681
51143211	51143587
51144465	51144665
51149942	51150127
51153147	51153438
51153988	51154187
51158637	51159188
51159249	51160881
51162444	51162624
51169070	51169274
51169278	51169463
51169510	51169707
51171376	51171592
51176619	51176784
51177757	51177924
51178106	51178564
51179033	51179191
51182482	51182614
51183106	51183387
51183437	51183621
51206061	51206181
51207145	51207316
51207441	51207589
51207869	51208028
51208331	51208463
51211487	51211631
51214155	51214247
51214256	51214346
51215048	51215224
51216291	51216455
51219037	51219193
51220583	51220743
