150849	150991
155370	155515
157282	157429
158161	158341
159679	159874
165726	166023
171738	171909
174034	174150
174415	174550
178094	178302
178949	179464
179473	179610
180808	180960
245193	245287
249331	249489
249501	249620
251493	251678
252030	252183
252583	252700
255864	256261
256272	256395
256903	257032
257423	257546
257922	258012
258017	258107
258323	258474
270528	270667
272151	272344
284257	284388
284435	284530
297073	297428
495905	496005
541648	541922
542591	542681
542695	542785
545339	545549
551526	551850
555125	555378
560600	560756
561981	562120
1264871	1265021
1267441	1267569
1271290	1271423
1275314	1275404
1275415	1275505
1277687	1277839
1281406	1281496
1281505	1281595
1351546	1351686
1354676	1354846
1357381	1357583
1357585	1357812
1359221	1359405
1363239	1363363
1364227	1364383
1369394	1369524
1370277	1370368
1372794	1372933
1374326	1374467
1374479	1374635
1378283	1378470
1410642	1410791
1414209	1414329
1417313	1417471
1420966	1421178
1421192	1421399
1425119	1425257
1427704	1427839
1433984	1434137
1447518	1447608
1447621	1447711
1449897	1450014
1451270	1451401
1455492	1455582
1455590	1455680
1456144	1456234
1456248	1456338
1458106	1458261
1458276	1458391
1458406	1458609
1460753	1460903
1472131	1472221
1472230	1472365
1481578	1481668
1481682	1481772
1486873	1486994
1487890	1488046
1490546	1490735
1494451	1494594
1496585	1496737
1496739	1496999
1501154	1501273
1503894	1504049
1504522	1504679
1507926	1508016
1508030	1508120
1511096	1511249
1521637	1521771
1534369	1534773
1534788	1535044
1535048	1535448
1662363	1663151
1664270	1664402
1668085	1668356
1668367	1668521
1668983	1669113
1669524	1669871
1669886	1670199
1670207	1670360
1670401	1670492
1684078	1684215
1691998	1692088
1692102	1692246
1693121	1693273
1696576	1696701
1698674	1698880
1702061	1702180
1705264	1705422
1711687	1711777
1711784	1711901
2089040	2089265
2111037	2111301
2134753	2134844
2134858	2135004
2159513	2159649
2187157	2187249
2188588	2188704
2188708	2188800
2260445	2260568
2276717	2276867
2293227	2293371
2356655	2356745
2356747	2356948
2356951	2357138
2357150	2357536
2357539	2357851
2357863	2358113
2358124	2358370
2358385	2358762
2368315	2368627
2368839	2368971
2370755	2370909
2559409	2559592
2559604	2559851
2559859	2560019
2582424	2582570
2585621	2585753
2587615	2587778
2588342	2588531
2590629	2590766
2591282	2591372
2591385	2591475
2594309	2594499
2595263	2595353
2595357	2595447
2601296	2601449
2606052	2606271
2608746	2608903
2620228	2620328
2638563	2638678
2642720	2642870
2655076	2655416
2655421	2655674
2709533	2709722
2709952	2710150
2710201	2710391
2712204	2712325
2713590	2713778
2722593	2722723
2733108	2733229
2734841	2735018
2821961	2822167
2829064	2829341
2829418	2829714
2843087	2843252
2843470	2843600
2844735	2844906
2846073	2846203
2846797	2846887
2846891	2847105
2847212	2847485
2847489	2847669
2847904	2848025
3447306	3447866
3447948	3448038
4900650	4900820
4905025	4905196
4905232	4905323
4905573	4905663
4905675	4905765
4924854	4925493
4966241	4968322
4968328	4968780
4972309	4972466
4982438	4982538
5270187	5270339
5369056	5369146
5369158	5369311
5401645	5401778
5449779	5449903
5483203	5483362
5491088	5491244
5605296	5605454
5605464	5606004
6734013	6734179
6735705	6735928
6736030	6736160
6736246	6736415
6736737	6736902
6737889	6738010
6740499	6740619
6740624	6740744
6893188	6893313
6911049	6911226
6931938	6932197
6938164	6938285
6938773	6938888
6939524	6939614
6939624	6939714
6939760	6939890
6942458	6942588
6948855	6948985
6954013	6954134
6954412	6954533
6955347	6955523
6958037	6958157
6958162	6958282
6959422	6959617
7142335	7142503
7171954	7172129
7193915	7194005
7194018	7194135
7194150	7194240
7209119	7209322
7224119	7224305
7235446	7235576
9383816	9383937
9384028	9384233
9384244	9384378
9384634	9384730
13309513	13309785
13310524	13310614
13310628	13310762
13311324	13311414
13311429	13311584
14077868	14078042
14089651	14089791
14107068	14107158
14107171	14107576
14107666	14107756
14460638	14460728
14467905	14467995
14468100	14468190
14475400	14475490
14475498	14475588
14491476	14491603
14503606	14503729
14503837	14503958
14518179	14518269
14518283	14518373
14518578	14518761
14519067	14519167
14532097	14532218
14821311	14821544
14832516	14832714
14833937	14834057
14834062	14834182
14836999	14837119
14837124	14837244
14838574	14838751
14847460	14847580
14847585	14847705
14847932	14848052
14848057	14848224
14848371	14848546
14850087	14850207
14850209	14850329
14851468	14851650
14869182	14869363
14870461	14870666
14872409	14872605
14882994	14883115
14885470	14885600
14885685	14885865
14887396	14887585
14888590	14888800
14889985	14890242
14890547	14890716
14891477	14891672
14898117	14898295
14898447	14898745
14902359	14902524
14903451	14903616
14905006	14905174
14922162	14922283
14922596	14922767
14923555	14923676
14924768	14924945
14928110	14928330
14930296	14930417
14930472	14930624
14945537	14945742
14949804	14949924
14949929	14950049
14951720	14951844
14951920	14952123
14952189	14952547
14952950	14953121
14954105	14954233
14954315	14954436
14954912	14955032
14955035	14955155
14958307	14958477
14958898	14959276
14968361	14968560
14968729	14968859
14969454	14969626
14971229	14971415
15016760	15016939
15017657	15017867
15019313	15019521
15021251	15021440
15023766	15023969
15024638	15024758
15024762	15024928
15024931	15025051
15025614	15025734
15025739	15025859
15026483	15026650
15026799	15027049
15027521	15027788
15027858	15027979
15028225	15028436
15028486	15028614
15028897	15029025
15029341	15029467
15029821	15029951
15346412	15346541
15346585	15346754
15361586	15361791
15362854	15362974
15362979	15363099
15372176	15372343
15409612	15409817
15410887	15411088
15414760	15414965
15415913	15416119
15417270	15417390
15417395	15417515
15417868	15418087
15435193	15435293
15435414	15435534
15435539	15435659
15436564	15436685
15438160	15438281
15447452	15448233
15466636	15466757
15466853	15467282
15467423	15467620
15467796	15467997
15469716	15469888
15470355	15470539
15470980	15471142
15471620	15471798
15472381	15472502
15478067	15478187
15478192	15478312
15481057	15481247
15505671	15505842
15508696	15508816
15508821	15508941
15522890	15523057
15526482	15526695
15560795	15560963
15582086	15582212
15591119	15591287
15591389	15591509
15591511	15591631
15816262	15816383
15817030	15817151
16014724	16014891
16097705	16097826
16168663	16168784
16239628	16239749
16434792	16434922
16733995	16734125
16734215	16734380
16831265	16831385
16831390	16831510
16834910	16835115
16845329	16845533
16860511	16860712
16936182	16936312
16941640	16942273
16942344	16942474
16952285	16952933
16953079	16953209
19689997	19690097
19881415	19881781
20297993	20298359
20489679	20489779
20629081	20629172
20649704	20649801
20708732	20709213
20709666	20710245
20710252	20710378
20712006	20712135
20712609	20712747
20750383	20750558
20826415	20826537
20893616	20893791
20931426	20931564
20932042	20932171
20933799	20933925
20933932	20934511
20934964	20935445
20994372	20994469
21014996	21015087
21154393	21154558
21463566	21463693
21477864	21477991
21628841	21628961
21628963	21629249
21636477	21636665
21729187	21729399
21749024	21749144
21749149	21749520
21750216	21750338
21751409	21751591
21751950	21752129
21759488	21759666
21761628	21761758
21764097	21764298
21765690	21766033
21867884	21868329
21868409	21868530
21868670	21868874
21868968	21869418
21869422	21869587
21869837	21870048
21870145	21870372
21870689	21870809
21870812	21870932
21871284	21871643
21872088	21872291
21872296	21872416
21877264	21877516
21877521	21877771
21877776	21877977
21878101	21878553
21882699	21883159
21885307	21885428
21893656	21894060
21894413	21894626
21897201	21897630
21901343	21901566
21903187	21903307
21903311	21903431
21903540	21903748
21905023	21905190
21906236	21906467
22737621	22737814
22741372	22741492
22741497	22741617
22744479	22744653
22746338	22746545
22749787	22749907
22749912	22750032
22751372	22751577
22754186	22754352
22892578	22892668
22892678	22892768
22917903	22918131
22918659	22918864
22921840	22921962
22923079	22923264
22930653	22930773
22930778	22930898
22941390	22941510
22941515	22941635
22942824	22943009
23545273	23545648
23545745	23545836
23548070	23548191
23762019	23762149
23763795	23763916
24456982	24457072
24457082	24457172
24457610	24457710
24460688	24460843
24460858	24460952
25618316	25618407
26332696	26332860
26332889	26333026
27629406	27629543
27629572	27629736
28344497	28344588
28475074	28475243
28479038	28479203
28483502	28483673
28484975	28485065
28494589	28494714
59106539	59106629
59106631	59106753
59106760	59107008
59107020	59107202
59107210	59107436
59222104	59222255
59228233	59228374
59230790	59230920
59233164	59233293
59252443	59252567
59272329	59272464
59274532	59274622
59274632	59274844
59330337	59330512
59335597	59335688
59336199	59336459
59336470	59336570
59337045	59337145
59338017	59338189
59340273	59340374
