Chromosome	Start	End	Num_Probes	Segment_Mean
1	62945365	62945464	1	1.0
2	47049384	47049483	1	1.80735492206
2	167760187	167760286	1	1.0
4	187524423	187524522	1	-1.0
8	110591971	110592070	1	-1.0
9	37436618	37436717	1	-1.0
10	3199685	3199784	1	1.32192809489
10	75830751	75830850	1	1.0
12	2905601	2905700	1	-1.0
12	42863317	42863416	1	1.58496250072
12	83324371	83324470	1	-1.0
14	34998679	34998778	1	-1.0
14	81734763	81734862	1	0.584962500721
19	11597636	11597735	1	-1.0
20	62051063	62051162	1	-1.0
23	605257	605356	1	-1.0
23	129759406	129759505	1	-1.0
23	153760069	153760168	1	0.584962500721
24	2843591	2843690	1	2.0
24	6938843	6938942	1	-1.0
