t_ref_count	t_alt_count	dbSNP_Val_Status	Start_position	Tumor_Sample_Barcode	Hugo_Symbol	Chromosome
387	166		206631698			1
688	267		15601398			2
720	127		179259177			2
395	99		49742178			3
423	164		114027987			4
593	167		183652198			4
552	204		13754461			5
644	203		68404298			5
545	81		72199709			5
370	470		176886718			5
687	194		43406430			6
661	186		97676972			6
306	50		155572081			6
522	64		18625000			7
481	66		92998521			8
659	256		103305893			8
796	108		105261069			8
290	171		144459629			8
250	59		86357457			9
787	107		101773391			11
495	81		974390			12
465	57		31555481			12
702	246		1504555			16
277	38		29845266			16
607	171		53532340			16
714	238		69383429			16
507	89		26960114			17
376	119		40914529			17
310	77		6980631			18
423	69		19751256			18
870	130		33775176			18
477	135		71930736			18
667	234		4224171			19
719	108		12692341			19
276	97		43882324			20
332	179		44166220			20
615	228		40058802			22
685	204		13799200			23
