t_ref_count	t_alt_count	dbSNP_Val_Status	Start_position	Tumor_Sample_Barcode	Hugo_Symbol	Chromosome
309	55		1392585			1
511	314		149688572			3
341	91		16077360			4
229	72		139106217			4
467	82		107197377			5
497	174		141828980			8
709	276		99527608			10
370	51		3392918			11
266	62		102647337			11
253	109		103599896			14
393	92		87377313			16
824	134		8077647			17
268	84		580356			19
229	94		33481550			19
370	370		47839860			20
421	140		38495350			21
267	99		3539392			23
723	216		20222226			23
309	82		270598			24
866	118		15447809			24
