t_ref_count	t_alt_count	dbSNP_Val_Status	Start_position	Tumor_Sample_Barcode	Hugo_Symbol	Chromosome
275	56		10292514			1
491	93		10754384			1
783	68		207705597			1
468	30		153501981			2
451	80		37133010			3
265	43		108133084			3
883	67		130672828			3
398	70		185801990			3
672	43		7811474			4
845	54		48380054			4
773	58		113348814			4
522	58		155457743			4
643	41		16477866			5
442	55		135549216			5
236	83		39328354			6
642	56		106547201			6
773	77		111310253			6
419	68		112438967			6
376	46		168475834			6
806	110		38836015			7
940	60		101126433			7
561	84		22106549			8
377	426		27898751			8
467	83		29053648			8
401	30		53045573			8
579	72		61851347			8
622	61		67986460			8
692	113		95952254			8
391	138		28863566			9
644	141		32633537			9
588	73		90342610			9
755	57		108200620			9
738	47		138703461			9
724	81		5005616			10
222	91		102789843			10
725	72		104130237			10
266	119		64645729			11
358	40		93116741			11
311	51		108056153			11
303	37		111779890			11
802	79		57552391			12
792	42		28880888			13
533	34		99114018			13
791	151		114288476			13
437	33		94044305			14
897	78		102499663			14
462	95		49869473			15
741	141		11991755			16
751	102		20554470			16
318	32		28915852			16
749	83		30046725			16
755	133		71683302			16
574	64		45913081			17
561	69		321689			18
637	95		12725462			18
506	134		21131637			18
338	33		472466			19
863	107		44341350			19
840	104		43108876			20
293	26		57289075			20
658	50		43171361			21
811	154		46910672			21
323	24		26951265			22
659	81		29120544			22
494	49		29802874			22
477	119		38895457			22
754	66		39134558			22
435	43		45939226			22
805	142		69283028			23
436	77		251669			24
365	103		1521655			24
818	111		2370781			24
686	52		5491116			24
577	127		5605439			24
441	54		15025640			24
668	66		16845519			24
