t_ref_count	t_alt_count	dbSNP_Val_Status	Start_position	Tumor_Sample_Barcode	Hugo_Symbol	Chromosome
475	223		24987812			1
260	50		94480150			1
330	110		85811579			2
689	296		227876995			2
435	186		227953331			2
251	410		123457914			3
399	148		906605			4
420	207		39306775			5
609	286		26370656			6
658	256		56997960			6
748	143		67344802			8
235	105		6094275			12
449	241		15679223			12
358	184		58335648			12
295	93		112323827			12
803	131		133803588			12
265	255		34404039			13
252	79		49054133			13
266	193		33984714			17
332	164		65683284			17
540	278		76075514			17
273	111		19338076			19
283	58		55742932			19
355	118		30316252			21
574	258		34185879			21
363	69		36422402			21
551	236		42950001			22
472	97		19024178			23
539	81		53114483			23
500	81		4905146			24
