t_ref_count	t_alt_count	dbSNP_Val_Status	Start_position	Tumor_Sample_Barcode	Hugo_Symbol	Chromosome
320	651		62945365			1
266	71		173952020			1
249	230		47049384			2
201	172		167760187			2
156	759		237104911			2
152	609		154807654			3
360	96		438233			4
122	409		175232039			4
295	573		187524423			4
433	223		101595883			5
538	358		145888844			5
320	223		109179512			6
521	256		7278522			7
145	295		110591971			8
212	412		37436618			9
267	688		3199685			10
77	292		68685990			10
442	334		75830751			10
304	617		2905601			12
610	262		42863317			12
102	198		83324371			12
201	391		34998679			14
533	274		69369343			14
530	217		81734763			14
363	232		65297358			15
475	255		69094228			15
502	259		19800144			16
518	331		50813704			16
244	57		67863819			16
277	163		5036244			17
241	154		17773932			17
144	574		42273518			17
493	315		61805567			17
277	590		11597636			19
149	678		46331142			19
523	131		52873138			19
255	132		17581350			20
171	728		37662968			20
206	401		62051063			20
180	820		31859672			22
429	263		39530529			22
153	273		605257			23
588	408		37285216			23
293	545		129759406			23
248	329		153760069			23
148	300		2843591			24
154	343		6938843			24
523	334		14898729			24
351	181		15027654			24
