t_ref_count	t_alt_count	dbSNP_Val_Status	Start_position	Tumor_Sample_Barcode	Hugo_Symbol	Chromosome
505	177		160146335			1
615	117		186107045			1
630	325		9474865			2
484	207		21239407			2
253	216		28820864			2
323	125		160806076			2
343	70		198367947			2
401	172		219544577			2
360	162		136714218			3
662	298		39218771			4
466	200		48569315			4
247	370		108969910			4
750	132		31401669			5
342	147		122226694			5
341	108		172110446			5
475	204		179691842			5
348	116		10930631			6
505	238		111337074			6
418	197		158823363			7
640	262		74203893			8
169	156		75263673			8
621	266		100833667			8
553	237		101719113			8
766	157		101721727			8
461	237		117063068			9
252	560		130579412			9
463	198		136595249			9
606	83		138931383			9
301	472		139922609			9
443	181		139964874			9
260	46		17865089			10
609	287		38301216			10
232	104		61413695			10
690	242		81056280			10
823	145		97114684			10
481	98		62554932			11
385	68		11174562			12
653	230		23848137			14
299	94		42437886			15
322	310		45406910			15
738	130		67391272			15
203	110		80696852			15
336	244		24946857			16
733	119		4200052			17
488	80		17700290			17
585	195		46654149			17
337	113		80680673			17
603	259		3580474			18
311	68		32431882			18
834	147		56247359			18
564	108		9724863			19
253	364		16060753			19
432	144		43708403			19
494	212		51607562			19
339	167		3615021			20
315	105		47736729			20
535	252		15481308			21
313	51		35183389			21
400	163		46901895			21
217	355		46945812			21
530	470		17590385			22
484	208		18384663			22
714	136		31022355			22
642	226		32614667			22
429	202		36661989			22
374	293		42952025			22
330	259		43735238			22
239	76		45595762			22
278	137		153178420			23
746	132		1369439			24
330	49		14518265			24
564	290		15409685			24
