t_ref_count	t_alt_count	dbSNP_Val_Status	Start_position	Tumor_Sample_Barcode	Hugo_Symbol	Chromosome
657	175		19436624			1
459	178		33219737			1
752	238		10866624			2
555	156		203420003			2
648	183		46944150			3
438	123		52263156			3
233	162		52526354			3
722	267		107492198			3
279	42		122056513			3
486	274		191093003			3
635	286		139892543			5
510	76		169483880			5
343	61		30865273			6
377	425		31992635			6
413	116		74804063			7
472	64		91775315			7
542	81		97592977			7
312	134		130139767			7
569	161		42752330			8
487	114		94776131			8
324	365		126114672			8
293	103		133037038			8
554	175		145318139			8
486	121		137657412			9
691	113		61014011			10
654	254		32858284			11
422	282		57982574			11
657	175		60152616			11
357	126		42860095			12
157	163		101551944			12
457	225		23853556			13
649	172		25671729			13
405	108		113513740			13
672	100		64596670			14
523	139		56961067			15
723	268		86286721			15
418	105		3828683			16
452	128		31150671			16
270	67		47695626			16
491	131		1840276			17
407	55		9533444			18
264	83		13024332			18
819	112		16178552			19
615	173		39804796			19
661	108		50380919			19
606	151		31585430			20
347	52		34062740			20
530	149		60504611			20
661	74		60697792			20
702	105		61588827			20
696	104		18933158			21
490	164		39755481			21
381	120		46934979			21
707	200		28195575			22
616	174		42428807			22
729	205		32429913			23
696	86		140097803			23
713	213		148851369			23
278	108		165971			24
312	88		178969			24
562	219		14971250			24
578	86		21878469			24
768	217		27629697			24
