t_ref_count	t_alt_count	dbSNP_Val_Status	Start_position	Tumor_Sample_Barcode	Hugo_Symbol	Chromosome
561	107		38991699			3
271	59		127770708			3
465	46		158399885			3
558	122		476678			5
465	35		22532935			7
551	61		14102421			9
532	79		19049689			9
360	31		95148522			9
917	80		98082478			10
447	50		108035844			12
732	161		133202303			12
630	94		114426096			13
438	65		31357198			15
279	70		18895503			16
281	31		4510659			17
253	85		11583152			17
460	499		79077797			17
324	40		2770125			18
688	76		3633112			19
623	321		17888870			19
288	169		18331934			19
794	198		13561588			20
838	93		47414113			21
463	46		18926995			23
646	123		69898697			23
751	154		100668043			23
429	101		14467925			24
