t_ref_count	t_alt_count	dbSNP_Val_Status	Start_position	Tumor_Sample_Barcode	Hugo_Symbol	Chromosome
722	267		9171280			1
817	167		54405665			1
321	24		173754435			1
703	144		180793922			1
815	133		74435021			2
837	73		38317541			3
267	115		108819291			3
533	251		5500793			4
296	52		169317190			4
575	109		89913766			5
494	87		118860979			5
225	127		131972949			5
413	85		117046960			6
673	110		54897037			8
359	54		74717809			8
335	137		32630148			9
303	76		70532845			10
338	60		105923978			10
334	69		127697111			10
689	103		44616294			11
279	83		13364445			12
308	50		43886415			12
494	94		59313732			12
539	374		42481804			13
630	62		25326422			14
739	259		50697941			14
788	107		102900889			14
732	119		104471657			14
696	271		40322508			15
678	149		86077076			15
366	80		1266979			16
422	58		10575957			16
379	72		11643398			16
590	218		57567636			18
349	62		67684632			18
232	334		6182980			19
501	195		51361482			19
376	61		30973480			21
437	65		100093349			23
544	211		4905611			24
