t_ref_count	t_alt_count	dbSNP_Val_Status	Start_position	Tumor_Sample_Barcode	Hugo_Symbol	Chromosome
541	305		214794080			1
438	28		11389896			2
212	270		64796178			2
659	116		120833784			3
473	193		100485009			4
242	89		100014889			6
262	39		3991491			7
758	113		12420405			7
829	146		81897050			8
380	127		133146667			8
708	70		5090612			9
502	205		45486448			10
535	142		6579809			11
303	258		120607968			12
278	53		77763320			15
734	120		71894409			16
653	241		37903065			17
686	94		36673944			19
343	134		57716910			19
836	148		43254262			20
457	153		43896076			21
734	183		124097603			23
665	234		21463575			24
