t_ref_count	t_alt_count	dbSNP_Val_Status	Start_position	Tumor_Sample_Barcode	Hugo_Symbol	Chromosome
417	74		48034984			4
767	115		69808992			4
474	65		77933067			4
414	41		107248719			4
629	244		31827746			6
421	74		71569969			6
611	182		157528601			6
791	88		108209946			7
642	225		158109660			7
841	149		10572102			12
451	74		120614008			12
337	118		122999651			12
840	160		96285526			13
491	94		101777072			13
430	159		92638268			15
383	68		20682926			16
429	396		30793853			16
558	83		72164391			16
268	115		28711502			18
414	67		13925348			19
181	137		44251625			19
830	103		62836501			20
494	81		55172550			23
488	60		69498524			23
625	93		153187111			23
