Chromosome	Start	End	Num_Probes	Segment_Mean
1	38273777	38273876	1	1.80735492206
1	156954192	156954291	1	-1.0
2	11696772	11696871	1	-1.0
3	14174377	14174476	1	1.32192809489
3	123440939	123441038	1	-1.0
5	177420031	177420130	1	-1.0
6	154439825	154439924	1	1.58496250072
7	131163446	131163545	1	1.58496250072
8	74204631	74204730	1	1.58496250072
8	102701271	102701370	1	1.58496250072
8	125877470	125877569	1	-1.0
10	85956226	85956325	1	0.584962500721
11	752327	752426	1	1.0
12	48741815	48741914	1	-1.0
12	50471723	50471822	1	1.80735492206
12	57588459	57588558	1	-1.0
12	71029663	71029762	1	1.80735492206
14	20813146	20813245	1	-1.0
14	69257063	69257162	1	0.584962500721
14	104200981	104201080	1	1.32192809489
18	28667730	28667829	1	1.32192809489
18	29039062	29039161	1	0.584962500721
20	34053877	34053976	1	-1.0
22	20744879	20744978	1	2.0
