t_ref_count	t_alt_count	dbSNP_Val_Status	Start_position	Tumor_Sample_Barcode	Hugo_Symbol	Chromosome
210	123		50313083			3
539	190		105238969			3
258	165		122060450			3
254	163		38995565			4
520	443		68378176			4
251	98		6805408			7
180	153		98576372			7
600	367		105209861			7
687	172		23191055			8
583	164		74692679			8
348	322		137702035			9
477	195		98824700			10
591	186		16816500			11
475	214		17635188			11
485	396		47754158			11
381	67		69458785			11
568	428		118485285			11
563	107		22040724			12
438	359		133067265			12
233	243		26911776			13
278	257		95271739			13
368	104		50196359			14
362	408		75576437			14
268	723		1269123			16
313	289		5037610			16
577	224		39329196			19
556	195		58549261			19
672	168		18449761			20
323	113		26094532			20
419	343		34809818			20
687	281		17763907			21
624	176		21869981			24
