t_ref_count	t_alt_count	dbSNP_Val_Status	Start_position	Tumor_Sample_Barcode	Hugo_Symbol	Chromosome
302	123		155629791			1
232	335		24402150			2
630	222		171300460			2
450	450		24004685			3
623	197		49899278			3
404	101		153994048			3
292	542		193311183			3
589	156		39747291			4
636	235		78740608			4
216	163		167021940			4
493	372		43414960			6
777	207		74124320			6
213	182		74149992			6
477	143		99374633			6
344	638		151773564			6
552	434		158896522			7
356	153		17417981			8
586	185		21856289			8
240	108		48701698			8
214	149		103310635			8
328	103		13112990			9
747	249		139922533			9
338	119		122626650			10
223	143		54767813			12
414	97		102174111			12
473	512		24164336			13
556	186		32944568			13
704	248		52515187			13
431	300		78492255			13
379	101		98896807			13
548	54		114088087			13
472	511		21822052			14
420	156		93609555			15
493	156		50450245			18
211	146		54599331			19
207	310		3584808			20
227	172		44523428			20
381	108		17222107			21
530	399		37759985			21
231	182		45789099			21
643	182		19165920			22
254	163		46681200			22
666	177		67417065			23
318	458		131206926			23
277	83		134994135			23
