t_ref_count	t_alt_count	dbSNP_Val_Status	Start_position	Tumor_Sample_Barcode	Hugo_Symbol	Chromosome
408	159		8952527			2
276	338		126137376			3
360	441		5991336			4
493	183		44680839			4
358	169		3045818			6
455	128		41804206			8
340	132		131185127			9
319	405		1130340			10
127	176		7412248			10
351	413		65144088			11
305	373		79986373			12
351	67		36123688			14
190	242		43987186			15
233	115		2152646			16
652	241		4167279			17
681	203		56401601			18
744	222		71985134			18
724	268		31840047			19
229	425		34240947			20
234	101		55033605			20
360	563		45291991			22
