t_ref_count	t_alt_count	dbSNP_Val_Status	Start_position	Tumor_Sample_Barcode	Hugo_Symbol	Chromosome
542	279		175048823			1
626	322		236143340			1
632	298		141116413			2
528	167		179457357			2
221	230		37783133			3
138	217		52233424			3
103	309		108356409			3
429	136		126375005			3
604	223		186461468			3
573	201		2834066			4
189	213		57301556			4
495	255		76727604			4
398	214		45262265			5
266	301		13599455			6
390	405		19675189			8
114	517		102762384			10
509	179		134144011			10
637	359		16863173			11
580	341		53515184			12
220	268		45973075			13
193	108		93303736			14
478	333		31267091			15
391	479		42524052			15
367	431		49338614			15
369	369		66170309			15
250	427		99023826			15
394	444		29645215			16
318	358		80788937			17
353	53		8244083			18
540	345		9886702			18
538	179		60639847			18
421	69		40127989			20
519	122		44190880			21
333	188		46898220			21
598	97		17619237			22
160	174		26422959			22
378	394		16707576			23
246	116		44401990			23
264	169		107331042			23
319	649		4966449			24
