19600474	19600574
19600998	19601132
19606576	19606676
19748038	19748176
19748233	19748333
19751049	19751149
19751554	19751674
19751681	19751772
19752374	19752464
19752477	19752567
19753541	19753631
19753637	19753737
19755757	19755934
19759412	19759541
19761322	19761443
19775730	19775958
19778563	19778654
19782571	19782698
19801403	19801493
19931575	19931665
19933380	19933469
19941190	19941280
19943730	19943818
19949206	19949296
19961941	19962031
19997142	19997240
19999074	19999165
20000535	20000654
20004644	20004735
20012194	20012311
20025295	20025386
20038555	20038731
20039318	20039483
20039651	20039744
20041413	20041504
20056609	20056704
20066977	20067068
20077291	20077382
20207841	20207960
20208017	20208147
20216334	20216464
20220545	20220645
20220703	20220842
20220945	20221169
20221173	20221425
20221431	20221577
20222528	20222699
20224195	20224451
20233080	20233371
20233850	20233980
20235765	20235885
20235888	20236008
20237140	20237305
20240499	20240685
20242542	20242719
20244310	20244482
20244984	20245100
20245324	20245490
20245902	20246122
20247204	20247325
20251826	20251996
20277267	20277496
20279885	20279976
20283630	20283757
20304350	20304545
20315614	20315744
20325426	20325608
20333447	20333617
20346360	20346622
20356581	20356750
20356753	20356958
20398540	20399335
20409615	20409787
20411682	20411975
20412777	20412897
20412902	20413067
20425393	20425518
20425841	20426366
20438456	20438709
20539329	20539498
20567206	20567897
20567973	20568102
20577021	20577191
20577196	20577316
20579171	20579339
20580550	20580728
20593652	20593822
20600756	20600929
20601329	20601502
20605413	20605584
20608316	20608521
20610895	20611076
20625568	20625740
20626363	20626535
20632708	20633061
20633541	20633712
20635162	20635343
20636963	20637130
20638482	20638690
20640988	20641167
20641381	20641556
20656158	20656336
20656956	20657151
20657803	20657980
20659928	20660099
20716078	20716793
20716798	20717221
20717223	20717428
20762964	20763682
20796835	20797352
20797356	20797646
20978201	20978321
20978325	20978445
20978739	20978911
20987331	20987451
20987455	20987575
21005987	21006455
21007856	21008033
21013686	21013860
21063527	21063712
21086586	21086765
21099820	21099997
21142077	21142192
21148483	21148657
21157044	21157165
21163904	21164084
21165041	21165223
21165679	21165858
21166447	21166568
21170268	21170450
21171097	21171269
21172732	21172903
21173586	21173778
21175853	21176147
21179076	21179251
21189890	21190057
21199812	21199994
21205047	21205252
21212478	21212650
21215404	21215570
21217566	21217731
21218938	21219127
21227957	21228132
21230484	21230658
21237402	21237772
21245050	21245260
21264848	21265023
21265129	21265303
21278089	21278371
21295698	21296061
21303163	21303331
21306003	21306323
21311797	21311988
21331591	21331808
21357861	21358063
21361012	21361225
21361568	21361787
21362567	21362759
21364577	21364743
21370210	21370396
21370964	21371215
21373298	21373486
21374294	21374467
21374959	21375131
21381568	21381749
21382561	21382748
21383229	21383437
21383894	21384060
21395815	21396011
21396264	21396435
21401134	21401352
21417019	21417197
21417906	21418093
21429792	21429987
21436813	21436996
21442742	21442913
21476732	21476919
21549000	21549546
21553839	21554022
21555629	21555857
21557370	21557990
21561996	21562281
21562286	21562470
21562541	21563497
21565355	21565588
21619844	21620013
21620016	21620201
21714741	21715194
21721027	21721148
21721360	21721550
21729143	21729308
21729783	21729953
21732037	21732208
21733934	21734128
21735902	21736073
21742111	21742548
21746401	21746790
21750515	21750696
21751037	21751303
21948467	21948583
21949232	21949354
21950728	21950924
21952761	21952944
21955527	21955647
21955650	21955770
21955997	21956234
21956940	21957060
21957065	21957185
21961666	21961831
21965956	21966078
21974448	21974568
21974573	21974693
21975703	21975869
21976827	21976947
21976952	21977072
21978324	21978512
21987881	21988002
21995208	21995396
21999695	21999889
22033201	22033409
22067394	22067594
22069290	22069460
22070140	22070308
22077058	22077232
22084087	22084253
22088461	22088634
22089653	22089845
22095368	22095579
22096655	22096833
22113409	22113530
22113767	22113888
22140861	22141052
22178031	22178232
22246066	22246186
22246188	22246362
22255168	22255369
22275360	22275639
23238100	23238222
23243267	23243388
23249069	23249169
23250827	23250957
23253281	23253489
23279170	23279439
23411162	23411252
23777791	23777976
23808689	23808864
23824742	23824938
23853492	23853661
23869492	23869679
23894733	23894918
23898431	23898635
23903464	23903640
23904273	23904694
23904699	23907499
23907504	23908434
23908439	23911579
23911584	23912515
23912518	23913197
23913199	23914300
23914303	23915660
23915664	23915833
23927926	23928110
23928636	23929336
23929341	23930126
23932475	23932707
23939244	23939422
23942518	23942697
23945118	23945347
23949252	23949434
23985315	23985530
24164310	24164435
24167459	24167658
24190027	24190248
24200809	24201036
24233227	24233402
24234412	24234617
24242127	24242295
24242761	24243223
24247470	24247647
24304469	24304695
24321546	24321745
24330150	24330274
24330610	24330731
24334159	24334343
24334551	24334734
24380045	24380165
24380170	24380290
24383866	24383986
24383988	24384108
24410272	24410489
24411723	24411950
24413666	24413786
24413788	24413908
24415427	24415547
24415552	24415672
24432923	24433120
24436309	24436546
24438210	24438389
24443425	24443593
24444087	24444285
24448873	24448993
24448998	24449118
24453327	24453447
24453452	24453572
24455802	24455929
24460560	24460690
24462155	24462285
24463312	24463521
24465381	24465741
24465746	24466208
24468229	24468416
24468613	24468770
24470991	24471147
24736547	24736748
24796908	24798465
24798467	24798918
24823551	24823952
24825818	24826046
24844978	24845100
24852827	24852948
24858259	24858379
24858383	24858503
24860335	24860513
24860887	24861108
24863096	24863269
24864772	24865088
24868790	24868994
24871462	24871665
24871668	24871844
24874555	24874734
24876794	24877083
24877299	24877497
24890084	24890343
24892527	24892617
24892879	24893066
24895125	24895587
24895592	24895927
25000621	25000738
25005577	25005698
25008562	25008813
25008984	25009105
25009241	25009362
25009482	25009603
25015957	25016047
25016062	25016152
25016667	25016757
25016772	25016862
25017784	25017905
25020802	25020923
25021138	25021318
25023945	25024066
25026590	25026789
25027670	25027843
25029167	25029367
25030459	25030669
25033149	25033315
25033319	25033439
25034149	25034344
25043118	25043264
25043989	25044079
25044094	25044184
25049588	25049719
25051844	25052024
25052224	25052433
25058740	25058830
25058845	25058935
25060317	25060441
25064799	25064980
25066542	25066730
25067661	25067781
25067783	25067903
25068704	25068893
25072138	25072267
25073319	25073440
25074424	25074546
25075717	25075913
25077890	25078020
25169918	25170009
25254837	25255034
25255708	25255885
25259367	25259545
25262510	25262692
25263353	25263519
25264451	25264842
25265090	25265352
25266656	25266777
25266900	25267088
25268495	25268692
25272732	25272957
25274890	25275010
25275012	25275132
25276049	25276254
25280443	25280563
25280567	25280687
25281113	25281280
25281285	25281556
25283459	25283635
25283748	25283955
25284513	25284708
25284871	25285048
25285514	25285712
25338316	25338489
25341392	25341513
25348879	25349061
25352442	25352565
25353782	25353990
25355973	25356154
25362132	25362340
25363441	25363610
25363830	25363999
25367226	25367486
25368284	25368457
25370270	25370436
25373547	25373782
25374513	25374690
25376511	25376691
25378362	25378550
25398295	25398470
25399786	25399955
25400101	25400287
25404580	25404701
25405970	25406142
25416116	25416301
25417816	25418092
25418821	25419214
25424427	25424600
25425591	25425803
25428025	25428310
25433172	25433352
25435382	25435548
25436765	25436933
25439024	25439218
25440179	25440410
25442693	25442862
25444728	25444897
25448164	25448375
25451109	25451321
25453214	25453442
25457290	25457485
25458038	25458243
25458245	25458601
25459400	25459616
25459690	25459858
25460388	25460627
25463385	25463557
25466830	25466997
25473595	25473796
25478008	25478197
25479470	25480574
25480576	25481341
25482074	25482252
25483977	25484155
25485984	25486218
25486727	25487198
25517817	25517907
25525464	25525562
25670396	25670526
25670545	25670731
25670825	25670915
25670918	25671305
25671382	25671571
25671720	25671841
25671925	25672025
25672170	25672270
25715646	25715906
25715910	25716030
25743651	25744876
25744881	25745304
25745391	25745726
25802571	25802746
25807602	25807808
25807985	25808105
25808108	25808228
25823373	25823624
25825804	25826151
25827929	25828157
25828404	25828633
25831333	25831499
25831824	25832002
25832609	25832831
25834702	25834869
25835795	25835978
25839936	25840106
25840217	25840406
25841950	25842123
25848135	25848309
25861281	25861477
25875914	25876109
25877027	25877231
25881932	25882152
25883275	25883457
25884048	25884169
25887007	25887212
25887733	25887914
25889487	25889652
25893389	25893559
25894605	25894820
25895060	25895264
25899103	25899273
25901027	25901199
25901563	25901733
25905523	25905643
25905648	25905768
25910245	25910464
25911078	25911200
25912737	25912921
25914072	25914303
25946283	25946458
26043064	26043243
26104103	26104270
26104626	26104791
26106315	26106512
26107381	26107588
26108294	26108482
26112035	26112253
26114408	26114585
26115981	26116189
26117421	26117605
26125456	26125576
26125580	26125700
26127910	26128115
26129107	26129305
26133102	26133223
26133835	26134021
26138059	26138238
26141429	26141595
26144805	26144999
26145788	26145957
26148809	26149025
26151107	26151300
26152872	26153112
26153965	26154144
26155922	26156093
26163665	26163847
26165421	26165543
26182739	26182921
26223109	26223302
26273256	26273487
26279264	26279462
26343114	26343317
26348935	26349107
26402149	26402349
26411319	26411523
26413663	26413882
26434244	26434456
26434910	26435131
26436449	26436635
26441936	26442174
26442213	26442392
26445185	26445397
26455026	26455192
26501213	26501333
26501338	26501458
26535614	26535734
26535739	26535859
26542668	26542903
26586554	26586756
26593935	26594117
26620707	26621259
26624801	26625176
26706455	26706620
26787922	26788354
26788359	26788779
26788840	26789374
26789549	26789754
26792572	26792737
26793532	26793745
26828770	26828944
26911685	26911863
26923215	26923396
26927892	26928099
26933122	26933213
26933718	26933840
26956880	26957068
26959270	26959390
26959395	26959515
26967528	26967649
26970313	26970433
26970438	26970558
26971183	26971303
26971308	26971428
26974558	26974756
26975451	26975624
26975625	26975826
26978076	26978204
27216331	27216451
27216456	27216576
27239083	27239306
27241667	27241832
27245904	27246024
27246029	27246149
27250630	27250750
27250755	27250875
27254126	27254305
27255120	27255440
27256703	27257114
27259745	27259982
27332975	27333415
27333418	27334025
27643507	27643637
27645268	27645389
27649286	27649386
27649466	27649566
27664068	27664197
27669658	27669748
27669754	27669844
27669917	27670047
27679824	27679924
27680004	27680104
27690526	27690650
27691806	27691989
27745788	27745909
27827944	27828073
27828393	27828516
27829164	27829354
27829471	27829601
27830434	27830555
27845051	27845225
27845565	27845822
27847200	27847372
27847375	27847542
27847545	27847665
27997806	27997987
27998930	27999110
27999114	27999234
28001172	28001398
28003911	28004031
28004036	28004156
28004570	28004690
28004695	28004815
28006744	28006948
28008267	28008452
28008957	28009132
28009133	28009309
28009555	28009938
28011188	28011308
28011313	28011433
28014066	28014440
28014445	28014565
28122434	28122661
28124388	28124508
28124510	28124630
28127297	28127481
28127485	28127605
28130322	28130442
28130443	28130563
28133915	28134150
28136598	28136963
28141757	28141949
28143085	28143205
28143206	28143397
28155440	28155894
28195990	28196180
28196993	28197384
28222396	28222596
28239807	28240072
28366835	28367315
28367682	28367851
28367856	28368061
28494270	28494560
28494563	28494743
28498385	28498550
28498555	28498721
28498725	28498845
28519439	28519560
28537269	28537576
28539035	28539233
28541356	28541558
28542636	28543199
28552209	28552618
28562551	28562738
28578128	28578248
28578250	28578370
28588498	28588702
28589300	28589505
28589713	28589919
28592579	28592813
28597476	28597665
28598956	28599130
28599386	28599591
28601144	28601352
28602214	28602452
28608012	28608573
28609616	28609792
28610032	28610209
28611329	28611508
28622350	28622538
28623510	28623887
28624149	28624370
28626602	28626826
28631379	28631612
28635962	28636151
28644537	28644745
28647514	28647635
28674553	28674788
28712684	28712807
28712890	28713245
28748404	28748584
28750591	28750767
28751949	28752128
28771242	28771480
28794361	28794579
28813723	28813915
28830393	28830691
28834573	28834754
28835515	28835645
28840811	28841007
28841234	28841540
28844805	28844982
28846103	28846300
28851359	28851525
28854555	28854680
28855398	28855569
28862040	28862244
28866523	28866698
28877321	28877441
28877446	28877566
28880819	28881002
28882859	28882979
28882984	28883104
28885755	28885958
28886203	28886333
28891641	28891846
28893566	28893748
28895697	28895818
28896459	28896648
28896941	28897162
28901520	28901640
28901645	28901765
28903725	28903899
28908099	28908320
28913249	28913444
28919563	28919749
28931670	28931853
28942733	28942824
28959002	28959226
28963857	28964290
28970957	28971241
28973133	28973360
28979888	28980062
29001272	29001392
29001393	29001513
29001929	29002100
29004119	29004331
29005240	29005426
29007984	29008439
29012313	29012496
29040923	29041309
29041551	29041768
29068865	29069032
29233216	29233394
29236532	29236697
29238521	29238727
29242597	29242762
29246466	29246684
29252160	29252360
29275014	29275250
29275593	29275758
29278068	29278247
29284868	29285049
29286781	29287371
29287373	29287630
29291998	29292178
29598820	29599452
29599454	29600812
29600814	29601070
29608007	29608202
29608204	29608324
29674880	29675050
29855776	29855972
29898734	29898901
29933341	29933581
30002939	30003113
30014085	30014294
30054184	30054456
30061930	30062146
30066738	30066959
30071293	30071467
30072523	30072724
30075136	30075340
30077078	30077278
30088605	30088770
30090241	30090459
30091319	30091520
30091695	30091862
30093485	30093686
30096395	30096596
30097464	30097638
30098282	30098471
30104622	30104843
30106879	30107085
30109957	30110244
30110247	30110367
30341285	30341520
30341657	30341839
30346167	30346353
30351222	30351404
30351535	30351711
30353238	30353429
30423559	30423751
30511973	30512210
30521665	30521868
30524429	30524633
30782711	30782879
30784450	30784618
30801518	30801702
30804565	30804738
30805439	30805628
30814525	30814719
30815076	30815243
30829603	30829726
30854151	30854324
30857705	30857878
31035659	31035893
31036546	31036668
31036814	31036905
31037457	31037586
31037780	31037880
31195243	31195409
31195861	31196031
31204960	31205572
31211787	31212000
31216762	31216986
31221026	31221200
31227231	31227408
31231539	31233446
31287788	31287965
31309636	31309865
31318096	31318327
31326109	31326346
31329960	31330185
31338044	31338225
31480691	31480978
31491442	31491571
31495068	31495253
31495707	31495985
31498445	31498627
31506808	31507031
31513786	31513955
31526776	31526957
31531013	31531239
31540332	31540531
31542999	31543164
31548942	31549118
31711098	31711282
31711490	31711691
31712492	31712682
31712885	31713059
31713062	31713228
31714290	31714467
31715244	31715417
31717900	31718136
31719673	31719860
31722095	31722268
31722500	31722716
31724023	31724300
31725004	31725299
31725673	31725856
31726961	31727127
31728741	31728908
31729629	31729805
31732845	31733020
31735599	31735724
31735812	31735934
31736068	31736268
31774179	31774386
31789119	31789303
31796947	31797151
31803333	31803509
31821111	31821291
31821984	31822158
31835077	31835291
31843299	31843530
31848562	31848801
31850711	31850831
31850833	31850953
31858713	31858905
31860823	31860988
31891639	31891873
31897882	31898119
31903579	31903769
32057301	32057449
32313633	32313753
32313758	32313878
32332319	32332510
32335803	32335998
32339165	32339362
32340008	32340232
32348727	32348946
32349407	32349577
32351386	32351506
32351508	32351628
32352602	32352793
32355799	32355967
32356715	32356890
32360491	32360776
32363211	32363377
32365866	32366178
32366787	32366954
32366956	32367215
32371301	32371505
32376277	32376596
32605899	32606104
32635160	32635339
32653027	32653227
32660021	32660198
32676042	32676224
32691396	32691588
32698359	32698538
32698784	32699043
32705847	32706048
32709004	32709200
32709202	32709322
32710935	32711143
32721314	32721547
32721980	32722167
32723864	32724038
32729583	32729774
32731428	32731599
32735270	32735442
32745192	32745395
32747549	32747731
32749566	32749769
32752280	32752599
32752985	32753159
32753771	32753938
32757053	32757224
32758697	32758867
32759111	32759336
32760348	32760542
32761616	32761818
32768295	32768491
32776063	32776229
32776475	32776595
32776598	32776718
32782919	32783239
32783656	32783837
32784960	32785131
32786342	32786527
32792877	32793060
32798303	32798489
32799021	32799212
32799900	32800127
32802645	32802846
32805297	32805417
32805418	32805538
32808761	32808966
32810159	32810360
32811527	32811814
32811818	32811984
32811988	32812194
32813373	32813543
32813880	32814009
32818206	32818411
32821436	32821633
32823602	32823838
32825920	32826110
32828393	32828588
32832047	32832259
32834364	32834570
32835628	32835748
32835753	32835920
32835923	32836043
32836399	32836625
32839532	32839743
32841238	32841358
32841360	32841480
32848948	32849137
32849163	32849263
32850588	32850789
32852564	32852734
32861922	32862098
32863756	32863980
32866038	32866131
32868479	32868648
32869277	32869470
32869472	32869592
32877978	32878154
32882786	32883020
32884735	32884911
32885444	32886052
32890473	32890673
32893251	32893507
32899142	32899322
32900280	32900490
32900620	32900796
32903496	32903690
32905049	32905170
32906406	32907200
32907201	32907366
32907367	32907537
32910406	32910526
32910529	32915116
32915119	32915371
32918684	32918805
32920915	32921082
32928983	32929465
32930568	32930793
32931928	32932100
32936655	32936846
32937313	32937685
32944510	32944678
32945058	32945239
32949501	32949592
32950797	32951012
32953444	32953617
32953852	32954294
32968836	32969106
32970113	32970204
32971038	32971211
32972272	32972883
32977022	32977142
32977147	32977329
32977790	32977959
32978328	32978506
32981380	32981947
33002084	33002292
33010486	33010608
33012762	33012884
33016535	33018269
33020415	33020636
33052023	33052231
33054684	33054864
33091898	33092107
33095485	33095654
33096232	33096413
33101495	33101663
33109899	33111190
33222903	33223110
33225964	33226214
33232325	33232521
33232526	33232646
33233284	33233456
33241894	33242064
33247299	33247480
33249973	33250148
33252935	33253114
33257980	33258149
33261223	33261389
33262539	33262793
33268317	33268484
33270852	33271060
33273888	33274067
33275457	33275657
33281057	33281225
33284080	33284254
33306175	33306355
33309287	33309472
33315169	33315335
33316747	33316945
33320092	33320259
33327461	33327636
33329994	33330115
33332225	33332346
33332673	33332870
33333680	33333868
33334694	33334914
33338573	33338745
33344248	33344864
33347322	33347497
33349106	33349334
33349723	33349899
33590666	33590922
33590926	33591347
33627848	33628372
33629213	33629558
33634820	33635616
33635621	33635786
33635790	33635987
33637946	33638281
33679677	33679909
33680840	33681065
33683974	33684168
33684784	33684983
33685917	33686111
33686825	33687028
33687620	33687789
33692178	33692385
33700233	33700407
33701433	33701639
33702997	33703788
33703793	33704419
33712917	33713115
33716392	33716520
33739377	33739581
33741583	33741798
33760024	33760237
33859528	33859734
33923177	33923370
33924445	33924620
34013714	34013886
34098231	34098444
34392203	34392409
34395203	34395384
34397944	34398064
34398069	34398189
34399911	34400136
34403986	34404186
34404765	34404885
34404886	34405006
34405294	34405522
34409293	34409577
34409579	34409699
34410224	34410427
34540177	34540395
35252832	35253030
35517011	35517281
35615054	35615154
35619069	35619239
35619420	35619602
35622637	35622803
35630108	35630198
35630213	35630303
35632860	35632953
35672487	35672608
35683450	35683581
35684962	35685083
35691614	35691735
35692302	35692507
35697491	35697621
35716375	35716542
35729888	35730053
35730170	35730352
35731207	35731419
35733170	35733677
35733682	35734192
35735853	35735973
35735974	35736094
35738490	35738674
35739155	35739345
35743024	35743189
35745142	35745314
35745408	35745581
35747599	35747772
35751122	35751292
35756497	35756667
35758032	35758241
35770002	35770429
35782787	35783001
35785149	35785324
35806609	35806775
35864472	35864640
35883612	35883811
35923247	35923425
35926292	35926458
36006374	36006570
36026216	36026382
36046561	36046729
36049145	36049399
36049400	36050254
36124565	36124743
36125012	36125179
36129078	36129254
36141024	36141199
36158032	36158212
36167361	36167577
36180584	36180774
36202206	36202386
36219990	36220198
36220329	36220551
36223785	36223905
36223908	36224028
36225874	36226055
36228924	36229130
36229700	36229932
36239112	36239232
36239233	36239353
36241562	36241751
36242457	36242577
36242582	36242702
36245008	36245229
36348614	36348840
36362285	36362514
36367445	36367646
36379713	36379833
36379838	36379958
36382305	36382500
36383080	36383303
36384895	36385015
36385020	36385140
36396793	36397003
36401719	36401902
36402275	36402459
36410078	36410280
36413136	36413364
36424823	36425036
36428619	36428792
36429531	36429703
36443205	36443332
36445375	36445542
36521419	36521619
36685971	36686375
36699878	36700171
36700173	36700293
36743032	36743223
36744707	36744966
36747845	36748023
36748507	36748720
36748831	36749034
36757198	36757298
36764075	36764245
36765904	36766094
36767734	36768025
36775987	36776185
36788533	36788718
36801315	36801545
36805313	36805541
36814642	36814838
36817992	36818112
36818114	36818234
36822671	36822855
36827903	36828068
36828107	36828286
36829162	36829355
36855238	36855446
36857601	36857890
36869831	36869999
36871766	36871938
36878485	36878764
36886305	36886655
36888345	36888576
36900674	36900840
36903492	36903665
36905548	36905746
36909132	36909903
36939766	36940023
36942305	36942476
37006769	37006972
37007211	37007417
37011744	37012062
37012178	37012373
37012846	37013042
37014134	37014301
37015225	37015437
37016291	37016471
37016655	37016886
37269178	37269461
37269462	37269582
37393539	37393875
37393877	37394130
37399554	37399721
37401791	37401958
37422750	37422929
37427518	37427807
37439701	37439940
37441365	37441594
37446718	37447038
37453371	37453810
37524013	37524184
37526535	37526737
37539670	37539869
37541799	37541972
37546000	37546190
37559710	37559882
37563538	37563721
37567614	37567734
37567737	37567857
37569018	37569243
37569536	37569730
37573249	37573481
37574906	37575076
37576315	37576516
37576609	37576786
37577024	37577189
37578515	37578717
37580005	37580317
37581097	37581262
37582194	37582411
37582861	37583050
37583252	37583433
37583781	37583984
37584643	37584881
37586308	37586494
37591328	37591524
37593419	37593588
37595539	37595659
37595660	37595780
37596213	37596494
37597138	37597260
37598143	37598320
37598444	37598612
37599395	37599601
37600283	37600459
37600889	37601091
37602273	37602465
37603814	37603982
37605680	37605800
37605804	37606066
37607538	37607758
37614540	37614660
37614663	37614841
37618196	37618373
37619291	37619491
37621542	37621747
37621940	37622132
37622602	37622782
37625580	37625749
37678302	37678423
37678502	37678650
37678676	37679360
37804202	37804420
38137364	38137530
38138579	38138761
38143337	38143528
38143571	38143805
38143873	38144072
38144668	38144846
38145420	38145597
38148655	38148845
38151819	38152012
38153017	38153276
38153278	38153530
38154000	38154165
38154652	38154882
38156461	38156642
38158050	38158170
38158172	38158292
38158915	38159106
38160251	38160473
38160929	38161142
38161998	38162192
38164490	38164721
38166131	38166314
38171318	38171501
38172729	38172914
38211064	38211768
38213136	38213436
38225426	38225596
38229210	38229415
38237550	38237919
38248362	38248539
38266085	38266431
38320038	38320398
38320400	38320565
38357135	38357497
38924037	38924314
38928420	38928541
38930867	38931088
38931313	38931546
38931613	38931740
38932241	38932363
38932395	38932612
38933386	38933561
38934079	38934254
38934712	38934839
39261431	39261622
39261624	39261877
39261882	39262135
39262137	39263409
39263412	39265874
39265877	39266648
39271836	39272003
39338411	39338578
39343687	39343807
39343809	39344011
39357168	39357384
39358725	39358995
39420681	39420801
39420806	39420926
39422563	39422745
39424178	39424413
39425120	39425305
39425871	39426075
39430225	39430405
39432002	39432181
39433389	39433673
39435517	39435738
39438371	39438767
39446836	39447043
39448550	39448670
39448673	39448793
39450132	39450337
39450340	39450545
39451190	39451402
39452254	39452442
39452927	39453106
39454442	39455002
39540991	39541231
39542560	39542733
39544363	39544546
39546607	39546772
39550691	39550968
39554113	39554329
39564742	39564950
39585420	39585605
39586173	39586293
39586297	39586417
39586831	39586951
39586955	39587121
39587125	39588225
39588229	39588654
39591521	39591703
39596380	39596551
39597162	39597330
39598568	39598695
39600384	39600554
39602293	39602481
39603399	39603520
39605694	39605886
39608254	39608462
39611313	39611510
39612769	39612943
39613189	39613428
39613682	39613850
39616239	39616411
39618211	39618338
39621170	39621345
39621779	39622061
39918049	39918169
39918172	39918292
39952511	39952751
40174913	40175316
40229696	40229998
40230201	40230416
40230868	40231054
40233460	40233634
40234879	40235056
40238172	40238352
40239219	40239385
40251549	40251733
40252272	40252372
40253574	40253804
40254060	40254234
40256266	40256436
40261635	40261829
40261832	40261952
40263920	40264041
40268769	40268951
40273581	40273763
40293330	40293507
40293794	40293963
40297467	40297668
40298642	40298763
40301559	40301727
40325093	40325258
40362351	40362528
41133679	41133855
41133856	41134195
41134200	41134705
41134710	41135045
41185144	41185356
41239779	41239962
41240034	41240409
41301896	41302080
41303437	41303557
41303562	41303743
41323381	41323502
41328064	41328188
41330976	41331097
41333034	41333157
41340842	41340962
41340965	41341130
41345073	41345193
41345196	41345316
41367328	41367449
41373232	41373487
41379276	41379461
41381435	41381559
41382670	41382770
41384876	41384997
41485796	41485917
41486642	41486769
41488213	41488313
41495693	41495814
41507556	41508190
41515040	41515493
41517061	41517181
41517185	41517305
41517963	41518143
41523883	41524104
41525434	41525600
41533007	41533191
41556101	41556302
41635675	41635856
41636712	41636880
41639162	41639282
41639287	41639412
41642634	41642846
41645641	41645848
41646814	41647011
41650220	41650345
41654801	41655018
41656862	41657063
41675150	41675326
41704544	41705252
41705427	41705592
41705647	41705834
41705847	41706114
41706326	41706449
41706521	41706611
41706626	41706716
41766290	41767003
41767178	41767343
41767393	41767580
41767602	41767860
41768027	41768195
41768267	41768357
41768372	41768462
41791262	41791429
41794663	41794837
41797389	41797574
41800532	41800709
41807941	41808176
41814410	41814614
41826748	41826948
41827073	41827248
41828564	41828765
41831938	41832060
41834626	41835056
41837312	41837505
41885531	41885741
41890978	41891171
41892928	41893096
41894815	41894986
41897156	41897333
41899812	41900004
41902791	41902974
41905347	41905525
41910735	41910904
41929264	41929445
41932416	41932582
41932956	41933124
41936144	41936320
41936767	41936935
41941544	41941723
41943218	41943343
41946278	41946472
41946792	41946972
41947788	41947987
41948803	41948981
41949544	41949730
42031825	42032025
42032445	42032630
42040953	42041141
42042806	42042986
42044503	42044720
42142288	42142482
42144601	42144909
42149873	42150047
42161596	42161770
42164675	42164904
42179227	42179411
42185628	42185840
42189123	42189288
42245164	42245294
42249341	42249538
42259205	42259382
42263478	42263650
42264236	42264447
42265429	42265645
42265956	42266148
42266905	42267115
42273144	42273264
42273268	42273388
42275485	42275682
42277428	42277596
42293663	42293846
42295508	42295628
42295630	42295750
42301226	42301447
42303678	42303861
42306190	42306372
42335201	42335402
42352073	42352238
42357940	42358119
42361580	42361707
42385355	42385533
42390780	42390956
42393360	42393542
42404633	42404803
42407532	42407742
42438639	42438729
42438744	42438834
42439344	42439465
42439910	42440167
42442431	42442620
42457452	42457624
42460007	42460173
42460817	42460983
42461310	42461502
42465539	42465772
42481645	42481869
42486136	42486304
42524065	42524272
42534962	42535152
42622962	42623128
42701564	42701752
42703683	42703850
42729431	42729607
42729715	42729912
42733398	42733593
42734166	42734340
42739451	42739620
42740629	42740812
42742605	42742978
42748091	42748288
42752181	42752371
42761170	42761377
42763124	42763453
42764489	42764662
42768972	42769208
42772543	42772753
42773686	42774046
42780144	42780319
42783105	42783303
42783430	42783628
42784751	42784979
42788598	42788819
42789708	42789907
42793296	42793483
42793824	42794038
42795365	42795553
42799334	42799543
42803215	42803394
42860427	42860604
42866498	42866681
42869751	42869982
42871124	42871308
42872662	42872925
42873534	42875403
42875404	42876169
42876173	42876934
42876937	42877188
42877192	42878043
42882564	42882737
42887063	42887275
42887997	42888176
42891651	42891831
42893225	42893411
43148453	43148690
43155235	43155465
43174912	43175172
43180613	43181051
43358174	43358383
43360810	43361041
43362698	43362874
43462392	43462657
43463239	43463404
43467805	43468012
43469100	43469284
43474379	43474554
43491660	43491856
43493342	43493530
43500390	43500618
43527989	43528162
43537329	43537495
43538162	43538340
43543228	43543394
43544688	43544872
43566088	43566290
43597761	43597973
43639775	43639955
43642986	43643169
43652663	43652783
43652787	43652907
43659856	43660022
43681286	43681409
43788092	43788301
43798107	43798278
43810756	43810926
43839419	43839606
43843511	43843719
43872425	43872649
43895100	43895323
43896504	43896729
43900503	43900712
43918660	43918780
43918781	43918901
43930049	43930169
43930171	43930363
43934047	43934219
43935390	43935618
43986064	43986262
43986860	43987059
44411378	44411602
44432932	44433130
44433753	44434201
44442821	44442991
44443399	44443571
44455118	44455642
44456346	44456512
44457904	44458081
44462885	44463150
44464262	44464439
44718011	44718216
44734658	44734948
44948097	44948265
44953728	44953930
44964481	44964702
44969863	44970100
44971344	44971512
45008067	45008267
45008805	45008971
45008974	45009094
45010044	45010255
45010649	45010837
45090341	45090520
45113871	45114096
45147240	45148116
45148121	45148665
45148716	45149476
45149481	45149648
45149651	45150166
45515421	45515542
45517497	45517627
45517717	45517847
45523916	45524041
45533599	45533720
45539882	45540002
45540007	45540127
45553240	45553360
45553365	45553485
45553913	45554033
45554038	45554158
45554928	45555058
45556085	45556205
45556210	45556330
45563213	45563334
45563494	45563619
45563690	45563877
45578379	45578561
45580304	45580472
45582928	45583105
45589037	45589211
45589577	45589751
45594430	45594557
45601904	45602124
45694780	45694976
45710761	45710881
45710886	45711006
45723832	45723952
45723955	45724075
45725830	45726002
45767905	45768700
45781528	45781702
45826969	45827137
45841356	45841476
45841479	45841599
45857506	45857626
45857629	45857749
45911558	45911772
45912661	45912785
45912861	45913008
45913698	45913820
45914083	45914183
45914263	45914363
45914509	45914880
45914881	45915001
45915147	45915312
45965457	45965547
45970018	45970204
45971350	45971477
45973030	45973250
45975193	45975381
45976402	45976597
45978395	45978566
45979922	45980162
45983028	45983198
45985385	45985505
45985510	45985630
46039213	46039394
46050315	46050495
46053045	46053263
46054227	46054406
46055289	46055478
46056456	46056633
46057381	46057567
46060527	46060718
46065016	46065232
46065514	46065698
46066214	46066382
46067479	46067666
46070238	46070468
46077328	46077448
46077449	46077569
46083784	46083957
46085789	46085998
46090295	46090486
46092897	46093280
46099064	46099233
46103919	46104093
46104797	46104968
46108719	46108894
46109948	46110123
46115557	46115750
46118874	46119051
46123998	46124177
46124273	46124459
46135492	46135667
46137815	46138026
46142374	46142582
46148921	46149115
46154005	46154125
46154129	46154249
46154666	46154786
46154790	46154910
46161199	46161367
46164663	46164852
46170562	46170691
46170865	46171145
46276435	46276606
46276837	46277062
46277584	46277808
46287248	46288039
46288044	46288465
46357511	46357682
46357686	46358024
46358109	46358239
46425614	46425797
46531252	46531434
46533569	46533769
46537990	46538194
46539380	46539577
46541629	46542161
46542931	46543627
46543706	46544144
46544449	46544665
46549415	46549545
46549634	46549724
46549790	46549980
46553916	46554085
46559415	46559877
46562889	46563242
46577321	46577505
46584449	46584643
46585515	46585688
46594482	46594683
46616264	46616444
46619060	46619228
46619470	46619647
46627728	46627913
46629856	46630025
46632369	46632561
46638718	46638942
46641394	46641559
46647934	46648110
46652888	46653115
46656506	46656673
46658289	46658471
46661763	46661984
46679054	46679231
46701749	46701934
46704966	46705168
46708215	46708392
46716385	46716608
46716854	46717040
46717334	46717548
46718522	46718703
46720986	46721182
46722421	46722607
46724999	46725119
46725124	46725244
46726895	46727015
46727017	46727137
46728855	46729036
46730532	46730710
46732569	46732773
46732999	46733166
46733642	46733817
46787109	46787279
46801653	46802393
46802757	46802951
46808320	46808490
46820594	46820773
46824515	46824720
46835959	46836162
46840835	46841128
46844505	46844671
46844676	46844796
46917416	46917581
46918848	46919027
46919583	46919767
46923362	46923545
46924276	46924537
46928836	46929012
46930453	46930665
46933553	46933778
46935537	46935720
46936559	46936750
46937141	46937379
46942148	46942323
46942823	46942991
46946023	46946565
46951905	46952130
47127527	47127797
47224345	47224524
47243070	47243306
47255802	47255979
47260057	47260178
47261981	47262208
47263249	47263424
47266639	47266816
47268964	47269165
47273421	47273541
47273546	47273666
47275236	47275408
47279206	47279665
47285816	47286043
47286606	47286797
47289703	47289883
47297301	47297473
47302915	47303152
47308034	47308221
47315720	47315959
47324656	47324842
47345485	47345657
47349658	47349889
47351576	47351749
47354034	47354202
47355605	47355775
47356808	47356991
47358369	47358581
47361097	47361269
47365431	47365598
47408961	47409477
47409482	47409745
47466492	47466667
47469584	47470010
47470790	47470995
48517521	48517642
48523046	48523240
48523575	48523695
48523700	48523820
48528313	48528563
48528653	48528779
48542821	48542951
48547492	48547614
48562614	48562734
48562739	48562859
48563085	48563206
48571090	48571220
48575203	48575419
48611818	48611938
48611941	48612061
48615035	48615156
48615234	48615364
48619740	48619907
48627375	48627502
48651272	48651466
48653909	48654144
48655717	48655898
48657446	48657652
48660451	48660639
48664477	48664667
48667630	48667753
48669084	48669259
48670947	48671181
48807471	48807641
48827881	48828076
48830368	48830574
48832235	48832424
48832901	48833072
48835253	48835420
48878067	48878244
48881413	48881595
48916724	48916905
48919205	48919392
48921889	48922104
48923049	48923282
48934140	48934352
48936909	48937084
48938921	48939120
48941538	48941753
48942568	48942746
48947426	48947649
48951052	48951241
48953677	48953798
48954285	48954413
48955398	48955589
48985562	48986599
49027124	49027292
49030345	49030538
49033803	49033997
49037870	49038047
49039184	49039526
49047412	49047640
49050860	49051051
49051413	49051603
49054028	49054249
49064214	49064334
49064339	49064459
49070321	49070495
49073760	49073959
49075818	49075938
49075943	49076063
49076957	49077087
49084793	49084977
49085820	49086312
49086898	49087071
49089313	49089543
49089716	49089882
49095947	49096124
49096329	49096449
49096454	49096574
49107086	49107264
49109721	49109906
49280927	49281965
49580325	49580511
49649374	49649549
49684377	49684593
49688721	49688901
49705242	49705528
49710500	49710774
49712823	49713007
49719851	49720036
49741326	49741492
49742774	49742948
49746054	49746286
49748491	49748676
49749474	49749653
49752688	49752815
49760084	49760252
49761208	49761375
49762657	49762846
49765169	49765543
49770991	49771171
49771873	49772729
49775252	49775459
49775934	49776109
49777279	49777458
49781187	49781542
49794506	49794930
49794934	49795556
49796123	49796387
49796388	49796508
49822083	49822260
49822908	49823136
49829881	49830102
49833486	49833676
49839988	49840163
49841632	49841905
49841910	49842270
49848398	49848520
49852452	49852651
49854692	49854895
49860294	49860473
49865733	49865853
49865857	49865977
49866810	49866979
49884990	49885173
49906084	49906288
49913745	49913985
49918181	49918386
49924921	49925090
49933818	49933992
49951053	49951274
49956876	49957053
50007387	50007555
50008167	50008339
50018003	50018232
50020460	50020633
50025934	50026150
50034241	50034407
50035171	50035380
50038164	50038285
50041904	50042091
50050658	50051168
50054308	50054501
50055075	50055263
50056879	50057131
50057597	50057724
50059767	50059941
50062428	50062763
50064950	50065072
50065884	50066107
50070031	50070241
50071261	50071462
50080678	50080889
50087183	50087402
50092156	50092346
50094965	50095145
50096125	50096325
50097279	50097465
50098123	50098243
50098247	50098367
50099859	50100025
50100405	50100624
50102661	50102882
50108245	50108410
50114952	50115144
50115732	50115933
50118893	50119085
50121214	50121334
50121339	50121459
50123691	50123821
50125454	50125685
50126244	50126364
50126369	50126489
50129567	50129791
50134074	50134299
50140681	50140872
50141249	50141369
50141371	50141491
50204562	50205212
50235077	50235232
50235253	50235398
50235964	50236085
50237284	50237414
50242636	50242736
50243804	50243924
50243929	50244049
50260710	50260833
50265457	50265584
50275513	50275711
50275823	50276027
50276498	50276730
50279734	50279904
50280193	50280390
50280394	50280514
50283695	50283886
50285023	50285230
50293792	50293975
50296038	50296276
50296524	50296703
50299499	50299676
50306484	50306955
50307076	50307259
50321059	50321182
50366551	50366672
50464687	50464865
50465182	50465362
50465502	50465593
50465962	50466207
50466285	50466402
50466415	50466506
50466937	50467089
50489184	50489353
50495606	50495814
50501985	50502193
50505147	50505268
50510236	50510421
50570504	50570682
50586076	50586853
50586857	50587278
50589583	50590213
50594335	50594605
50623173	50623368
50656517	50656755
50678846	50679056
50746260	50746415
51287207	51287412
51397360	51397499
51397575	51397705
51417294	51417766
51484112	51484317
51501462	51501697
51503606	51503818
51504777	51504960
51508990	51509201
51517431	51517631
51519537	51519717
51522090	51522323
51523530	51523716
51528032	51528226
51530458	51530579
51544008	51544246
51590258	51590461
51591014	51591189
51594525	51594876
51598214	51598442
51599421	51599610
51600765	51600949
51603728	51603903
51796531	51796713
51805438	51805622
51819383	51819483
51825545	51826259
51826262	51826382
51854588	51854708
51854710	51855425
51915230	51915490
51918320	51918526
51918529	51918649
51921198	51921368
51922314	51922509
51922646	51922822
51929151	51929344
51935388	51935570
51935991	51936192
51938313	51938488
51939945	51940066
51941998	51942119
51943042	51943172
51943282	51943372
51943387	51943477
51948244	51948374
51948464	51948593
51948758	51948878
51948883	51949003
51950279	51950400
51952409	51952600
51953673	51953794
51956174	51956304
51957420	51957540
51957545	51957710
51957793	51957914
51958644	51958874
51961601	51961731
51963537	51963658
51969529	51969659
51997150	51997325
52004323	52004443
52004448	52004568
52025234	52025364
52026018	52026194
52026545	52026733
52126645	52126875
52158829	52158994
52234722	52234891
52249205	52249430
52277715	52277903
52293246	52293456
52301779	52301979
52313135	52313356
52325435	52325555
52325560	52325680
52329384	52329615
52330436	52330653
52332240	52332452
52333799	52333991
52342242	52342443
52343263	52343383
52343386	52343506
52345356	52345654
52345839	52346050
52348029	52348228
52351065	52351273
52364110	52364323
52365255	52365376
52371960	52372154
52373691	52373897
52378147	52378378
52390903	52391252
52391256	52391442
52396183	52396357
52400608	52400728
52400732	52400852
52412592	52412770
52425550	52425641
52439526	52440204
52482462	52482552
52483372	52483462
52492460	52492651
52508917	52509229
52509622	52509862
52511357	52511698
52511703	52511823
52513136	52513256
52513257	52513377
52515185	52515305
52515308	52515428
52516483	52516603
52516607	52516727
52518241	52518478
52520473	52520679
52523813	52524003
52524117	52524472
52531585	52531773
52532358	52532665
52534211	52534413
52535950	52536142
52538993	52539213
52542498	52542729
52544615	52544908
52548060	52548263
52548266	52549198
52549201	52549562
52549652	52549817
52585405	52585570
52586495	52586615
52586618	52586738
52593028	52593297
52598139	52598752
52598756	52599113
52602411	52602680
52602925	52603045
52603050	52603179
52603220	52603470
52603475	52603640
52603645	52603895
52603950	52604150
52604155	52604320
52604375	52604490
52604566	52604745
52604844	52605020
52605090	52605292
52639484	52639686
52645991	52646185
52649798	52649975
52650105	52650288
52656429	52656550
52657360	52657480
52657484	52657604
52660389	52660572
52661429	52661595
52663354	52663558
52667156	52667323
52673798	52674005
52676107	52676464
52678556	52678730
52682374	52682539
52684479	52684777
52686409	52686605
52693433	52693621
52701510	52701683
52707165	52707396
52707801	52707976
52709840	52710013
52710255	52710432
52710920	52711117
52715116	52715237
52718009	52718216
52718763	52718883
52718887	52719007
52722454	52722645
52725209	52725501
52726701	52726876
52727983	52728296
52730220	52730450
52742110	52742272
52935131	52935222
52951567	52951729
52951832	52952882
52958413	52958616
52960145	52960380
52971399	52972332
52976662	52976857
52989940	52990219
52991092	52991329
52991996	52992215
52997658	52997830
53000026	53000223
53001124	53001439
53007768	53007984
53008906	53009027
53010432	53010553
53013185	53013350
53016479	53016600
53024578	53024743
53029631	53029761
53030634	53030755
53034962	53035503
53035508	53036036
53036461	53036581
53036582	53036702
53039475	53039653
53039706	53039916
53042338	53042468
53047961	53048151
53048156	53048276
53049024	53049323
53227010	53227195
53231729	53231829
53232191	53232315
53232597	53232718
53233204	53233410
53235674	53235774
53236646	53236775
53237221	53237342
53238062	53238255
53239777	53239947
53240957	53241143
53250367	53250538
53254076	53254196
53254201	53254321
53261776	53261896
53261901	53262021
53277794	53277972
53282633	53282863
53286843	53287009
53298045	53298284
53307193	53307615
53313127	53313304
53313712	53313893
53384186	53384379
53418745	53419128
53419525	53419724
53419924	53420380
53420381	53420902
53420966	53421145
53421149	53421485
53421490	53421740
53421745	53421912
53421915	53422629
53602916	53603120
53608422	53608660
53616108	53616287
53617233	53617429
53624074	53624871
54615307	54615526
54886002	54886224
55748553	55748681
58206674	58207133
58207135	58209295
58240574	58240950
58298709	58299084
58299088	58299462
59103204	59103294
60240722	60240974
60348259	60348440
60348786	60348906
60348910	60349030
60384905	60385072
60407141	60407400
60411482	60411686
60413431	60413606
60435437	60435711
60453371	60453631
60485775	60485962
60490195	60490389
60498909	60499084
60544071	60544289
60545014	60545134
60545138	60545331
60548427	60548603
60554800	60555004
60557799	60558030
60565265	60565433
60566129	60566300
60566585	60566765
60582671	60582882
60584636	60584828
60590041	60590161
60590162	60590329
60616769	60616966
60667718	60667929
60686149	60686368
60706990	60707172
60737694	60737915
60849925	60850015
60971433	60971563
61013701	61013821
61013826	61013946
61018766	61018931
61034489	61034668
61041298	61041487
61057879	61058049
61058767	61058940
61059941	61060109
61068526	61068702
61083863	61084052
61084764	61084889
61102501	61103353
61109174	61109379
61141599	61141831
61773882	61774059
61985359	61985783
61985784	61986207
61986209	61986972
61986973	61987905
61987909	61988108
61989061	61989268
63745715	63745931
66540554	66540676
66792316	66792436
66792441	66792561
66878771	66879141
67205291	67205513
67477620	67477791
67799498	67802629
70275756	70275928
70281744	70281946
70293455	70293677
70314486	70314606
70314608	70314728
70370909	70371086
70413118	70413291
70456382	70456596
70514157	70514392
70535423	70535623
70549695	70549923
70681281	70681730
70681734	70681854
72014681	72014883
72038661	72038892
72049221	72049392
72049809	72050000
72053304	72053476
72063111	72063332
72131141	72131341
72133918	72134038
72134041	72134161
72146954	72147176
72147506	72147626
72147627	72147747
72204702	72204876
72255869	72256078
72440058	72440412
72440672	72440953
73284428	73284633
73293119	73293310
73301539	73301747
73302019	73302451
73303018	73303199
73305384	73305585
73309076	73309271
73312038	73312228
73312629	73312806
73317641	73317812
73318528	73318760
73319119	73319432
73320035	73320216
73320625	73321218
73327815	73327995
73329226	73329436
73333930	73334135
73334596	73334772
73335458	73335652
73335735	73335993
73335997	73336252
73337578	73337751
73340081	73340255
73342932	73343119
73345027	73345322
73345917	73346085
73346289	73346465
73346820	73346993
73347841	73348189
73349368	73349537
73350080	73350283
73351494	73351676
73352331	73352515
73354974	73355150
73355337	73355457
73355462	73355582
73355735	73356058
73357636	73357916
73366571	73366738
73369511	73369683
73372046	73372261
73395984	73396155
73401054	73401263
73401897	73402065
73409358	73409533
73410289	73410410
73428142	73428319
73467945	73468137
73475149	73475242
73482673	73482851
73491175	73491347
73505229	73505407
73539392	73539559
73547695	73547908
73572904	73573104
73589957	73590134
73633441	73633759
73636052	73636905
73637907	73638119
73649772	73649892
73649895	73650015
74269658	74269863
74289540	74289747
74339017	74339190
74387286	74387491
74419906	74420488
74518094	74518274
74534436	74534556
74534557	74534677
74535999	74536121
74569008	74569240
74988746	74988875
74988933	74989054
74992861	74993030
75860883	75861173
75863100	75863284
75866274	75866454
75868974	75869154
75873501	75873780
75876407	75876582
75880485	75880654
75884042	75884236
75886812	75886932
75886936	75887056
75894018	75894252
75898336	75898562
75900241	75900445
75900450	75900570
75901833	75902009
75910975	75911158
75915209	75915426
75915625	75915834
75923230	75923350
75923354	75923474
75930210	75930394
75933818	75934018
75936157	75936451
75936452	75936792
76055400	76055921
76100681	76100862
76101940	76102061
76104186	76104306
76104308	76104428
76111463	76111629
76111787	76111953
76123995	76124182
76134869	76135035
76140842	76141022
76141362	76141536
76143524	76143711
76164046	76164281
76169035	76169217
76178797	76178987
76179843	76180012
76195841	76196030
76197378	76197499
76210763	76210965
76287266	76287489
76301115	76301302
76334832	76335141
76369489	76369654
76370715	76370907
76374785	76375006
76378350	76378651
76379589	76379864
76381589	76382274
76383244	76383430
76391230	76391439
76393498	76393728
76395275	76395698
76397689	76397809
76397810	76398005
76407143	76407328
76408359	76408524
76409258	76409424
76410460	76410660
76412261	76412535
76414169	76414338
76414476	76414596
76414601	76414721
76415225	76415393
76415706	76416068
76416931	76417127
76419445	76419617
76423242	76423482
76427179	76427464
76429303	76429527
76430650	76430817
76431941	76432176
76444982	76445299
76447723	76447937
76448022	76448166
76457130	76457367
77166539	77166629
77459300	77460264
77522596	77522716
77522721	77522841
77526575	77526695
77526700	77526820
77527670	77527878
77529510	77529718
77531107	77531314
77531317	77532079
77566000	77566411
77569195	77569366
77569949	77570265
77574596	77575038
77575040	77575160
77581262	77581690
77581691	77581880
77589521	77589701
77592713	77592878
77595692	77596037
77619427	77619667
77625129	77625328
77625902	77626137
77629685	77629859
77631089	77631261
77632324	77632444
77632448	77632568
77633578	77633808
77635240	77635422
77635773	77635947
77636706	77636918
77638744	77638912
77640052	77640221
77641697	77641994
77642627	77642926
77644728	77644854
77650892	77651069
77651238	77651511
77652863	77653036
77655599	77655784
77655963	77656140
77657112	77657348
77661630	77661797
77662995	77663172
77664274	77664442
77667281	77667472
77669486	77669776
77670416	77670648
77671475	77673302
77692505	77692690
77695485	77695658
77699427	77699633
77700447	77700674
77713328	77713545
77714151	77714370
77714920	77715091
77718529	77718699
77720217	77720386
77724896	77725095
77730200	77730372
77732059	77732247
77735942	77736127
77738529	77738696
77739304	77739525
77740461	77740729
77742582	77742802
77743731	77743910
77745595	77745760
77748404	77748637
77750593	77750761
77751893	77752074
77754241	77754476
77755903	77756070
77759230	77759523
77759994	77760165
77763070	77763240
77764297	77764518
77765766	77765985
77768249	77768419
77779408	77779599
77779601	77779769
77780756	77780983
77785294	77785462
77786146	77786335
77791952	77792141
77798518	77798692
77799490	77799724
77807228	77807432
77817170	77817346
77817947	77818129
77825324	77825494
77831796	77831981
77834560	77834729
77835289	77835485
77836147	77836329
77837793	77838144
77841921	77842086
77844059	77844236
77844406	77844676
77847589	77847818
77852827	77853059
77862272	77862463
77870665	77870833
77900563	77900862
78129909	78130079
78130635	78130836
78133854	78134070
78137953	78138074
78141794	78141971
78142366	78142486
78142489	78142609
78143446	78143632
78146174	78146409
78163276	78163481
78165467	78165659
78167604	78167788
78171621	78171741
78171743	78171863
78173412	78173640
78173765	78173992
78176148	78176387
78176657	78176868
78177151	78177328
78178475	78178665
78182177	78182349
78183179	78183384
78184154	78184276
78186957	78187133
78187955	78188139
78191745	78192197
78202030	78202197
78208445	78208618
78211165	78211295
78214727	78214928
78216829	78216995
78218240	78218459
78272060	78272231
78272321	78272571
78272576	78272705
78273082	78273271
78293659	78293893
78315490	78315666
78317066	78317279
78318346	78318651
78320651	78321007
78327306	78327489
78335006	78335290
78337265	78337443
78470586	78470795
78472358	78472540
78473959	78474132
78474637	78474852
78475213	78475393
78477304	78477558
78477561	78477729
78492225	78492783
78493479	78493599
78493602	78493722
79175547	79176098
79176148	79176269
79176437	79176725
79177345	79177522
79189672	79190548
79190553	79190805
79190808	79190973
79190978	79191246
79194666	79194865
79209163	79209335
79212994	79213254
79216237	79216412
79218953	79219129
79233136	79233310
79766066	79766297
79888995	79889171
79894727	79894853
79896479	79896651
79908439	79908604
79911238	79911358
79911359	79911479
79915196	79915375
79916775	79916950
79918354	79918551
79918783	79918950
79927228	79927405
79928519	79928759
79929281	79929496
79932384	79932593
79933642	79933817
79939685	79939854
79940142	79940380
79940704	79941012
79942866	79943133
79945065	79945293
79945934	79946063
79951499	79951672
79952924	79953114
79979790	79979955
80055274	80055680
80094916	80095131
80107437	80107615
80113782	80113965
80117672	80117847
80122411	80122606
80125139	80125314
80910735	80911779
83597853	83597974
84453605	84455660
86368088	86368380
86368381	86368717
86368720	86369486
86369487	86369823
86369826	86370673
87045764	87045885
88270891	88271114
88325619	88325739
88325744	88325864
88327592	88328719
88328722	88329229
88329233	88329824
88329829	88330001
88330079	88330334
88330337	88330529
92002857	92003685
92051296	92051492
92100976	92101203
92345419	92345935
92345937	92346145
92380766	92380949
92408556	92408744
92560268	92560368
92797044	92797273
93142343	93142532
93518529	93518734
93879643	93879837
94197524	94197702
94482399	94482740
94482742	94482862
94679923	94680043
94680046	94680166
94938515	94938750
94958171	94958475
95034574	95034779
95050764	95050929
95055220	95055447
95090769	95090948
95092194	95092372
95095661	95095850
95096594	95096715
95097856	95097977
95104725	95104933
95112312	95112496
95114306	95114427
95117880	95118110
95118781	95118964
95120882	95121368
95131239	95131566
95226973	95227094
95228531	95228699
95229592	95229798
95230256	95230426
95230845	95231063
95232096	95232216
95232219	95232339
95233271	95233438
95235330	95235513
95243049	95243169
95243174	95243294
95244462	95244631
95246048	95246247
95248187	95248414
95254156	95254357
95257633	95257807
95264432	95264611
95271391	95271649
95271653	95271773
95273342	95273553
95275411	95275580
95278153	95278325
95279298	95279494
95363485	95363673
95363675	95363802
95363837	95364106
95364255	95364376
95673757	95673924
95686821	95686999
95695874	95696051
95696478	95696653
95705330	95705495
95714991	95715166
95723905	95724119
95725425	95725545
95725548	95725668
95726425	95726657
95727621	95727792
95735371	95735605
95748398	95748519
95768091	95768269
95813465	95813666
95815260	95815488
95815839	95816004
95816629	95816825
95818385	95818564
95822714	95822930
95829929	95830164
95830234	95830408
95838978	95839212
95840597	95840833
95847042	95847222
95858746	95858866
95858870	95859053
95860051	95860223
95861660	95861885
95862869	95863106
95886861	95887038
95899245	95899420
95899908	95900087
95921502	95921602
95953401	95953573
96086148	96086347
96205025	96205204
96212364	96212552
96212554	96212753
96229432	96229600
96230163	96230348
96234366	96234486
96234489	96234609
96237010	96237184
96238235	96238415
96239805	96239925
96239930	96240050
96241326	96241496
96242040	96242160
96242162	96242282
96242500	96242735
96246176	96246352
96251534	96251723
96258227	96258411
96261648	96261832
96263560	96263770
96264206	96264408
96270163	96270356
96272077	96272256
96274521	96274707
96276939	96277178
96282186	96282411
96282922	96283117
96285481	96285610
96293503	96294213
96329477	96329659
96361473	96361639
96375499	96375720
96377365	96377531
96394846	96395130
96409909	96410084
96412282	96412502
96412929	96413101
96415807	96416181
96438152	96438329
96439291	96439491
96443088	96443311
96453901	96454105
96484861	96485030
96485151	96485357
96489293	96489472
96505751	96505916
96506544	96506711
96508417	96508586
96508866	96509041
96511804	96511980
96513022	96513196
96515882	96516085
96519559	96519761
96529416	96529632
96529940	96530116
96536754	96536937
96539466	96539632
96540062	96540248
96543083	96543254
96546767	96546959
96547391	96547558
96552969	96553178
96555105	96555273
96577924	96578105
96579299	96579603
96589202	96589391
96592231	96592352
96599275	96599452
96600131	96600337
96601602	96601771
96622281	96622513
96624836	96625002
96635691	96635901
96635991	96636171
96637458	96637669
96638533	96638700
96641690	96641856
96642174	96642339
96643668	96643789
96648301	96648422
96651453	96651635
96665523	96665691
96675291	96675478
96675824	96675996
96684081	96684255
96705438	96705617
96743122	96743252
96743422	96743691
96743763	96743893
97079387	97079568
97484720	97485350
97485353	97485473
97638995	97639778
97639780	97640039
97928455	97928651
97986525	97986729
97995225	97995412
97999038	97999294
98008956	98009176
98009699	98009883
98009884	98010004
98017298	98017485
98018623	98018743
98018746	98018911
98043580	98043763
98086720	98086841
98087008	98087135
98093889	98094122
98116423	98116696
98606073	98606307
98621946	98622067
98628925	98629097
98629201	98629425
98632055	98632280
98633416	98633633
98634664	98634846
98637652	98637860
98640209	98640390
98641277	98641449
98642358	98642530
98642635	98642804
98645143	98645496
98649782	98649970
98652748	98652955
98654701	98654980
98654985	98655150
98655155	98655323
98658412	98658541
98660285	98660457
98662134	98662323
98662328	98662494
98664425	98664545
98664550	98664670
98666339	98666507
98667798	98668101
98669001	98669170
98670736	98670913
98671835	98672138
98673269	98673452
98673950	98674070
98674075	98674195
98828368	98828655
98828660	98828826
98828827	98829454
98860752	98860873
98865419	98865539
98865544	98865664
98896785	98896972
98996025	98996213
99017626	99017827
99020314	99020496
99030060	99030226
99036903	99037139
99037871	99038036
99040540	99040737
99042131	99042336
99042995	99043206
99045848	99046020
99047404	99047725
99061522	99061734
99062925	99063096
99064176	99064364
99076747	99076954
99083210	99083500
99087811	99087989
99087991	99088246
99090017	99090172
99091004	99091094
99091109	99091199
99091300	99091467
99092146	99092266
99092271	99092441
99092854	99093075
99098281	99098464
99098892	99099075
99100450	99100676
99105427	99105548
99108704	99108888
99109387	99109507
99109512	99109632
99112517	99112637
99112642	99112762
99113926	99114046
99114051	99114171
99115874	99115994
99115999	99116119
99118718	99118845
99127098	99127315
99127395	99127515
99127520	99127640
99134423	99134589
99171591	99171786
99173954	99174168
99228906	99229109
99336966	99337160
99338334	99338454
99338459	99338579
99339761	99339954
99340488	99340857
99354672	99354851
99356455	99356688
99358396	99358598
99360929	99361128
99361827	99362170
99363989	99364194
99364674	99364857
99368103	99368326
99371398	99371623
99373314	99373771
99373944	99374064
99374068	99374188
99376182	99376362
99378402	99378759
99379015	99379238
99404800	99404973
99446867	99447101
99447343	99447547
99448419	99448591
99449365	99449738
99452574	99452798
99457314	99457508
99459904	99460117
99460793	99461001
99461264	99461441
99461548	99461677
99462370	99462557
99472818	99472908
99472914	99473004
99476654	99476860
99478108	99478284
99479022	99479205
99481554	99482044
99483559	99484042
99489674	99489849
99497488	99497722
99498173	99498352
99498702	99498892
99500766	99500955
99502173	99502375
99505659	99505852
99508128	99508307
99512525	99512726
99515159	99515289
99515611	99515753
99515762	99515852
99519215	99519392
99519688	99519856
99520110	99520300
99520430	99520620
99532105	99532225
99532228	99532348
99532707	99532944
99533743	99533913
99534096	99534325
99535184	99535398
99535979	99536151
99537162	99537282
99537284	99537404
99537918	99538110
99538743	99538929
99540405	99540974
99549683	99549910
99550367	99550572
99553999	99554178
99554598	99554791
99555149	99555351
99556876	99557084
99566540	99566777
99567565	99567731
99573205	99573413
99574299	99574509
99575519	99575752
99578002	99578187
99582352	99582536
99607646	99607853
99630057	99630222
99667736	99667925
99738452	99738622
99853056	99853262
99853281	99853461
99853610	99853788
99890592	99890813
99896033	99896207
99896720	99896889
99907134	99908164
99947306	99948323
99948324	99948444
99966342	99966463
99970215	99970393
99992531	99992857
100003746	100004156
100008293	100008490
100020004	100020234
100037451	100037617
100153902	100154106
100169816	100169983
100172210	100172398
100181673	100181856
100188796	100188984
100189980	100190189
100191652	100191817
100192957	100193130
100193766	100193966
100196056	100196227
100199161	100199369
100201319	100201542
100204399	100204583
100206517	100206696
100207761	100207929
100211614	100211790
100214912	100215113
100258855	100259032
100295228	100295402
100425076	100425267
100511122	100511333
100515176	100515367
100517033	100517154
100517235	100517356
100518496	100518616
100518618	100518738
100523134	100523316
100537139	100537339
100543524	100543742
100617645	100618138
100622394	100622514
100622517	100622647
100622687	100622852
100622857	100623997
100633954	100634075
100634318	100635194
100635271	100635398
100637198	100637318
100637323	100637443
100637563	100637689
100637860	100637981
100638179	100638366
100741270	100741487
100755085	100755287
100764090	100764315
100807147	100807267
100807271	100807391
100809495	100809680
100861522	100861696
100888002	100888199
100909765	100909997
100914912	100915032
100915036	100915156
100920857	100921074
100925420	100925587
100945371	100945586
100953642	100953872
100955118	100955297
100957902	100958101
100959355	100959555
100962069	100962276
100982767	100982932
100992354	100992524
101020714	101020912
101077833	101078062
101101409	101101575
101143831	101143951
101143952	101144072
101167662	101167833
101179432	101179671
101179831	101180021
101182253	101182488
101184382	101184839
101257179	101257299
101257304	101257424
101258503	101258623
101258628	101258748
101264665	101264842
101266504	101266624
101266629	101266749
101277722	101278063
101278068	101278188
101278281	101278515
101287006	101287126
101287131	101287381
101288784	101288904
101288909	101289029
101289836	101290033
101290067	101290187
101290192	101290312
101294472	101294646
101308651	101308775
101315280	101315464
101316369	101316578
101318221	101318396
101320840	101321077
101322475	101322670
101707581	101707701
101707704	101707824
101710187	101710307
101710311	101710431
101712101	101712221
101712226	101712346
101714350	101714556
101717754	101717874
101717875	101717995
101720176	101720369
101721070	101721242
101725857	101726031
101726890	101727017
101728212	101728380
101733794	101733914
101733919	101734039
101735056	101735259
101735346	101735544
101735969	101736196
101742073	101742359
101747922	101748136
101753059	101753245
101755491	101755725
101756669	101757048
101757170	101757348
101759863	101760119
101762941	101763114
101763433	101763656
101768816	101768981
101769231	101769351
101769352	101769472
101776911	101777077
101795207	101795612
101797116	101797281
101828588	101828771
101833432	101833628
101833630	101833750
101844243	101844452
101881735	101881937
101890103	101890279
101910810	101910988
101936186	101936306
101936307	101936427
101944310	101944664
101997584	101997799
102021339	102021460
102025380	102025569
102029071	102029457
102030870	102031044
102047531	102047707
102051341	102051461
102051464	102051584
102105190	102105391
102106295	102106500
102142222	102142352
102219978	102220193
102227733	102227899
102231593	102231810
102235522	102235736
102250453	102250618
102344895	102345135
102359121	102359314
102366797	102366990
102367874	102368047
102375112	102375300
102378938	102379104
102521025	102521218
102527470	102527700
102568774	102568941
102619978	102620147
102698236	102698473
103053827	103054027
103249330	103249522
103257160	103257330
103259899	103259998
103266376	103266573
103268718	103268900
103271087	103271259
103275224	103275412
103279303	103279494
103280192	103280362
103281827	103282006
103282337	103282557
103286252	103286372
103286376	103286496
103287840	103288054
103288611	103288810
103289407	103289573
103290522	103290689
103292612	103292800
103295543	103295714
103296901	103297094
103297265	103297436
103298588	103298754
103299562	103299742
103301230	103301538
103301666	103301842
103303602	103303769
103307256	103307491
103309378	103309555
103315995	103316168
103317134	103317327
103326601	103326837
103328618	103328805
103330517	103330684
103338415	103338822
103339299	103339481
103343101	103343301
103346700	103346820
103346825	103346945
103381765	103383046
103383047	103383641
103383646	103384323
103384324	103385172
103385176	103390016
103390021	103390527
103390531	103394439
103394441	103394695
103394696	103395316
103395366	103396221
103396225	103398856
103398861	103399283
103399286	103400641
103400644	103402686
103410739	103411283
103418777	103418942
103419614	103419796
103420546	103420720
103421688	103421955
103422227	103422441
103436810	103437015
103438492	103438612
103438617	103438737
103440105	103440225
103440230	103440350
103441414	103441608
103443282	103443447
103443451	103443624
103443700	103443821
103444307	103444476
103445606	103445726
103445731	103445851
103446035	103446165
103449122	103449298
103450774	103451003
103459628	103459748
103459751	103460123
103468739	103468910
103473310	103473484
103474027	103474210
103474391	103474515
103483912	103484033
103486753	103486933
103490990	103491166
103491882	103492239
103498499	103498715
103501463	103501629
103501636	103501852
103504407	103504622
103506042	103506236
103506572	103506743
103508269	103508474
103510620	103510798
103511219	103511432
103513917	103514083
103514388	103515188
103515192	103515482
103518019	103518139
103518142	103518316
103518588	103518771
103519042	103519210
103520469	103520637
103524564	103524790
103525588	103525806
103527670	103527846
103527848	103528273
103698443	103698609
103701597	103701717
103701719	103701839
103703576	103703757
103704971	103705139
103710547	103710715
103718176	103718542
106118517	106118710
106119289	106119492
106124869	106125053
106142196	106142483
107145433	107145815
107147179	107147347
107147981	107148220
107164911	107165185
107187147	107187313
107196282	107196468
107209354	107209520
107209873	107210065
107211598	107212021
107219911	107220320
107822843	107823129
107862925	107863099
108183490	108183622
108518017	108518357
108518360	108518611
108518701	108518951
108860822	108861695
108861699	108863605
108881523	108881693
108881695	108882563
108922212	108922775
108939063	108939184
108955532	108955943
108959168	108959289
109282081	109282250
109311713	109311843
109318221	109318341
109318346	109318538
109364903	109365087
109379763	109379967
109437980	109438165
109445764	109445972
109458980	109459181
109472644	109472852
109475505	109475678
109496675	109496900
109507730	109507958
109518454	109518619
109535415	109535632
109538669	109538841
109540669	109540909
109550336	109550521
109562339	109562508
109609948	109610068
109610073	109610193
109613854	109614084
109614697	109614875
109617069	109617243
109644613	109644805
109661234	109661404
109672103	109672306
109680679	109680881
109699168	109699391
109700637	109700843
109704641	109704817
109706592	109706806
109707364	109707485
109707766	109707959
109717916	109718037
109753048	109753280
109772696	109772924
109777454	109777738
109779541	109779931
109792624	109793342
109793422	109793587
109793592	109793791
109817271	109817479
109831871	109832041
109858887	109859090
109859095	109859215
110408544	110408720
110434381	110434501
110434503	110435283
110435354	110435776
110435778	110436284
110436287	110437221
110437302	110437899
110437903	110438412
110801458	110801578
110801581	110801701
110802630	110802820
110804620	110804812
110807527	110807739
110813544	110813775
110814527	110814725
110815696	110815816
110815821	110815941
110817194	110817410
110818474	110818594
110818596	110818716
110819498	110819702
110821901	110822021
110822024	110822144
110822942	110823136
110825029	110825196
110826249	110826450
110826827	110827004
110827009	110827129
110827590	110827796
110828789	110828980
110828981	110829101
110829145	110829351
110830253	110830620
110831164	110831284
110831288	110831408
110831645	110831848
110833561	110833787
110835391	110835681
110838770	110838977
110839417	110839624
110843913	110844145
110844493	110844730
110845155	110845331
110847319	110847537
110850852	110851060
110853133	110853331
110853773	110853965
110855870	110856036
110857736	110857913
110858917	110859109
110859161	110859327
110859696	110859885
110861090	110861264
110861691	110861879
110862141	110862518
110863847	110864049
110864139	110864259
110864261	110864381
110864799	110864966
110866089	110866285
110866290	110866410
110894954	110895188
110959209	110959378
110960295	110960499
111009751	111009963
111077120	111077382
111080714	111080945
111082177	111082404
111082737	111083185
111084570	111084808
111086719	111086913
111088508	111088770
111090257	111090428
111090887	111091077
111092080	111092299
111098098	111098265
111099062	111099300
111101919	111102039
111102042	111102162
111102605	111102725
111102728	111102848
111108997	111109127
111109637	111109978
111109981	111110109
111110392	111110577
111111070	111111243
111114414	111114687
111115282	111115452
111117710	111117906
111118295	111118518
111119252	111119457
111120534	111120712
111121454	111121659
111125227	111125347
111125348	111125468
111130267	111130474
111132595	111132812
111134796	111135027
111137220	111137398
111137973	111138188
111141720	111141840
111141845	111141965
111141981	111142167
111143577	111143783
111144377	111144585
111145524	111145732
111147588	111147793
111153948	111154170
111155431	111155776
111156114	111156348
111156455	111156686
111158813	111158934
111160327	111160613
111164309	111164614
111175985	111176492
111213707	111213882
111267802	111268102
111274574	111274751
111276518	111276687
111277518	111277738
111279707	111279942
111286804	111287121
111287751	111287921
111289492	111289676
111289979	111290185
111290593	111291069
111293307	111293490
111293716	111293928
111294727	111295164
111296381	111296589
111296718	111296883
111298294	111298486
111299440	111299669
111303370	111303537
111315261	111315430
111315689	111315924
111319622	111319826
111329315	111329516
111335396	111335562
111340051	111340217
111340218	111340338
111341259	111341389
111350186	111350369
111353688	111353888
111357863	111358318
111358388	111358513
111364932	111365361
111366479	111366652
111367795	111368322
111371541	111371904
111371909	111372284
111521579	111522155
111532050	111532487
111535982	111536211
111545289	111545582
111546459	111546645
111552834	111553045
111555741	111555936
111558290	111558521
111562900	111563020
111563023	111563143
111567019	111567230
111642378	111642468
111642483	111642573
111767872	111768045
111806172	111806343
111811332	111811454
111855314	111855503
111857547	111857780
111862241	111862408
111870003	111870175
111885475	111885658
111893517	111893699
111896216	111896388
111896535	111896715
111917899	111918106
111919058	111919254
111919803	111920003
111926173	111926384
111926948	111927068
111927069	111927189
111927911	111928141
111929910	111930079
111932554	111932720
111932836	111933022
111935375	111935705
111938417	111938582
111940688	111940873
111944528	111944727
111953042	111953276
111953746	111953869
111955246	111955442
111968445	111968647
111973147	111973312
111980452	111980630
111991517	111991685
111992118	111992299
111995048	111995168
111995169	111995289
111996373	111996553
112278289	112278511
112297416	112297583
112324631	112324828
112721938	112722068
112722203	112722323
112722327	112722455
112722497	112722621
112722665	112722835
112722909	112723184
113030703	113030906
113032969	113033090
113036694	113036784
113036799	113036889
113047313	113047434
113052343	113052490
113053380	113053555
113055323	113055492
113086640	113086845
113088698	113088873
113140218	113140308
113140323	113140413
113140428	113140558
113143830	113144036
113153182	113153485
113158274	113158510
113158908	113159146
113170778	113170943
113173258	113173436
113174184	113174352
113176632	113176850
113181149	113181357
113181700	113181866
113199967	113200142
113201928	113202098
113202410	113202595
113208270	113208509
113209177	113209345
113210332	113210560
113212575	113212771
113213516	113213740
113219334	113219501
113223448	113223675
113242144	113242330
113333652	113333948
113337502	113337691
113344647	113344816
113439456	113439654
113459266	113459470
113460445	113460664
113464881	113465103
113470410	113470621
113473587	113473707
113473711	113473831
113474172	113474345
113477610	113477844
113478628	113478818
113479673	113479869
113481035	113481247
113485654	113485840
113487092	113487299
113488885	113489097
113490403	113490571
113496518	113496684
113505360	113505569
113508515	113508635
113508638	113508814
113510188	113510354
113512077	113512250
113512448	113512620
113513653	113513819
113514534	113514654
113514655	113514775
113516762	113516962
113526010	113526215
113527814	113528017
113530015	113530216
113532464	113532643
113534834	113535065
113536089	113536392
113556462	113556644
113563425	113563657
113571307	113571486
113622699	113623011
113623660	113623860
113633961	113634188
113639682	113639851
113656133	113656306
113669032	113669200
113678968	113679089
113681207	113681392
113698999	113699166
113699170	113699290
113699467	113699686
113700839	113701018
113714899	113715074
113716863	113717019
113718090	113718246
113718547	113718718
113719213	113719476
113720346	113720583
113724340	113724512
113728655	113728875
113729266	113729454
113730332	113730498
113731299	113731495
113732581	113732755
113732874	113733083
113735432	113735607
113736734	113736914
113738216	113738401
113739202	113739453
113740432	113740611
113741616	113741789
113741920	113742113
113742542	113742741
113742758	113742951
113743837	113744025
113744089	113744256
113744363	113744545
113745385	113745557
113748727	113748930
113749290	113749455
113750607	113751164
113760069	113760258
113761078	113761286
113764987	113765174
113768025	113768238
113769963	113770192
113771024	113771285
113771725	113771846
113772712	113773351
113777041	113777270
113783758	113783931
113792722	113792933
113793684	113793888
113794789	113794961
113795187	113795372
113798154	113798423
113801698	113801898
113803213	113803858
113812966	113813170
113813434	113813620
113814353	113814554
113815191	113815363
113817263	113817446
113818762	113818934
113819277	113819397
113819402	113819522
113824622	113824827
113825851	113826055
113826060	113826430
113832467	113832698
113833220	113833403
113834220	113834340
113834345	113834596
113835331	113835566
113838627	113838792
113839680	113839887
113845184	113845306
113849356	113849567
113850409	113850590
113851322	113851553
113852399	113852586
113854657	113854866
113862225	113862403
113862822	113863013
113863970	113864177
113864279	113864456
113873200	113873399
113882276	113882397
113883636	113883838
113887399	113887604
113888101	113888337
113889369	113889579
113891027	113891147
113891152	113891272
113893652	113893871
113897255	113897420
113898691	113898914
113899275	113899467
113899471	113899591
113900240	113900479
113907295	113907501
113908940	113909171
113909194	113909411
113914841	113915042
113917785	113917950
113951757	113951883
113960815	113961003
113963906	113964109
113965020	113965185
113973714	113973834
113973838	113973958
113974560	113974765
113975695	113975877
113975878	113976047
113976616	113976806
113978803	113978974
113979922	113980467
113999093	113999268
114005158	114005328
114009632	114009802
114018116	114018281
114077099	114077307
114078488	114078676
114079338	114079549
114083185	114083381
114088075	114088274
114098704	114098889
114107579	114107753
114112234	114112433
114113543	114113728
114115284	114115456
114117022	114117243
114128352	114128550
114134876	114135064
114138184	114138403
114144705	114145064
114149909	114150297
114152679	114152859
114154259	114154452
114155991	114156179
114157814	114157986
114164496	114164688
114174866	114174986
114174991	114175111
114178334	114178566
114188305	114188575
114193704	114193886
114201491	114201708
114202533	114202734
114203748	114204057
114240134	114240255
114265345	114265475
114277568	114277689
114286031	114286156
114287344	114287474
114287521	114287654
114288317	114288486
114288489	114288612
114288717	114288840
114290389	114290519
114290954	114291084
114291898	114292123
114294335	114294465
114303692	114303926
114304621	114304813
114305851	114305971
114305975	114306095
114306995	114307367
114307622	114307802
114309123	114309327
114312343	114312553
114321700	114322387
114323956	114324134
114325747	114325877
114426022	114426143
114434161	114434343
114435821	114436003
114438055	114438341
114453493	114453617
114462200	114462427
114469117	114469304
114469308	114469495
114471117	114471297
114471905	114472162
114498108	114498308
114502277	114502499
114502683	114502853
114503768	114503890
114504546	114504754
114507782	114508005
114514721	114514953
114523864	114524037
114524942	114525223
114526353	114526580
114529950	114530158
114531534	114531738
114535323	114535493
114535567	114535883
114537519	114537688
114538427	114538625
114540963	114541175
114542677	114542850
114549483	114549664
114549844	114550040
114550896	114551121
114566509	114566850
114618849	114619128
114619830	114620027
114622440	114622675
114623671	114624078
114748751	114748957
114751088	114751277
114757932	114758138
114762065	114762240
114764994	114765172
114766249	114766417
114772985	114773106
114774831	114775009
114776560	114776727
114778607	114778788
114780623	114780832
114781607	114781773
114782707	114782883
114783530	114783707
114784208	114784398
114786837	114787017
114789652	114789861
114792813	114793000
114793191	114793403
114795183	114795382
114806475	114806685
114817464	114817667
114839130	114839250
114839253	114839373
114897816	114897999
115000492	115000712
115002132	115002416
115004395	115004603
115004740	115004944
115007599	115007774
115008677	115008859
115009336	115009546
115009969	115010091
115010269	115010446
115011359	115011548
115012330	115012523
115015995	115016220
115022568	115022764
115024808	115025028
115027264	115027451
115028281	115028504
115030513	115030720
115037697	115037969
115039293	115039412
115047123	115047305
115047590	115047717
115048371	115048492
115051717	115051982
115052056	115052171
115056984	115057110
115057191	115057312
115064417	115064547
115067142	115067242
115067437	115067567
115070231	115070390
115089306	115091802
