116844	116978
116990	117303
118315	118506
120716	120806
158469	158737
163306	163484
166728	166965
178919	179087
180221	180389
192768	192942
196634	196819
197514	197698
198039	198221
199216	199421
202799	202986
203028	203206
204582	204790
209927	210105
210324	210509
211143	211310
214647	214938
215423	215627
216492	216673
218832	218953
223376	223574
224048	224223
224936	225145
225207	225431
226804	226977
246343	246549
247778	247951
252460	252641
254178	254360
259131	259309
259599	259799
260176	260347
263936	264129
265372	265539
267854	268035
319925	320101
321637	321872
331652	331849
333029	333218
334735	334966
335027	335302
346340	347195
347199	347402
348029	348196
357328	357526
480628	480796
500404	500619
580450	580993
607021	607136
617915	618129
619148	619339
624834	625045
627062	627314
627316	627482
633309	633431
641282	641477
644953	645126
649759	649988
657775	658321
659602	659723
662130	662250
662255	662375
669043	669233
670621	670846
671333	671453
671457	671577
672850	673054
674285	674514
675315	675506
677238	677438
677764	677938
678663	678872
683158	683356
685850	686057
688508	688628
688629	688749
690427	690641
691093	691213
691214	691334
693109	693280
693814	694011
694248	694369
697201	697398
706420	706592
712251	712342
712480	712601
724510	724640
732776	732896
732901	733021
736898	737028
739630	739750
739755	739875
742884	743004
743009	743129
743339	743469
745623	745751
745821	746006
747926	748099
751771	751901
756486	756606
756611	756812
904378	904560
904783	905087
905338	905504
907564	907776
908191	908381
909497	909698
1269709	1269892
1272307	1272520
1273384	1273554
1275896	1276072
1278543	1278733
1358670	1358791
1359368	1359559
2538944	2539116
2544152	2544321
2544656	2544848
2547353	2547543
2552647	2552767
2552768	2552888
2554673	2555021
2563740	2563913
2566831	2567286
2572908	2573132
2574983	2575164
2577750	2577920
2577922	2578183
2578892	2579071
2585065	2585239
2587832	2587997
2589093	2589312
2590018	2590208
2595471	2595663
2599031	2599196
2601296	2601486
2606405	2606582
2608664	2608852
2610722	2610891
2616386	2616566
2656051	2656265
2666103	2666277
2666829	2667019
2673176	2673369
2674016	2674181
2688390	2688751
2694523	2694693
2697016	2697236
2697845	2698030
2700511	2700857
2703724	2703890
2705701	2705870
2706358	2706576
2707519	2707694
2707778	2707944
2718150	2718270
2718272	2718439
2722452	2722662
2724800	2725006
2726361	2726530
2728453	2728629
2729212	2729395
2732241	2732420
2738420	2738600
2739410	2739587
2740711	2740888
2743722	2743919
2747517	2747687
2750014	2750187
2750318	2750511
2751288	2751460
2752373	2752570
2760578	2760806
2762101	2762275
2763606	2763785
2769684	2769870
2769994	2770192
2771468	2771648
2772171	2772366
2775714	2775940
2777795	2777962
2778115	2778296
2784445	2784629
2784713	2784834
2795923	2796088
2796391	2796512
2802495	2802691
2847002	2847123
2847206	2847336
2847765	2847939
2884907	2885091
2890527	2890647
2890651	2890816
2890821	2891837
2891841	2892533
2906846	2907070
2908812	2908999
2909657	2909858
2913096	2913441
2920320	2920490
2920746	2920949
2921429	2921633
2922076	2922277
2923694	2923814
2923816	2923936
2924377	2924567
2925134	2925361
2926719	2926893
2927657	2927827
2928476	2928701
2929045	2929213
2931184	2931408
2934334	2934531
2937630	2937990
2939379	2939499
2939501	2939621
2940592	2940761
2946068	2946158
2946168	2946283
2946363	2946479
2946493	2946593
2951087	2951356
2954413	2954591
2960687	2960880
2982593	2982758
3067310	3067604
3071809	3072012
3075397	3075784
3079160	3079400
3083784	3084051
3085016	3085142
3085935	3086148
3089121	3089318
3089501	3089671
3090578	3090781
3094139	3094332
3100174	3100484
3102405	3102597
3112232	3112352
3112355	3112475
3116376	3116580
3119883	3120053
3126744	3126927
3129213	3129479
3131330	3131496
3134683	3134871
3135495	3135721
3141876	3141996
3142001	3142121
3149114	3149296
3151737	3151943
3154890	3155058
3164290	3164461
3168807	3168994
3173948	3174068
3174070	3174248
3175972	3176148
3187399	3187633
3188668	3188872
3188877	3189062
3193774	3193958
3214952	3215281
3252193	3252368
3253156	3253286
3253369	3253484
3253812	3253933
3255679	3255779
3255859	3255959
3272825	3272946
3273026	3273155
3277353	3277483
3277698	3277798
3277878	3277978
3447718	3447911
3450332	3450553
3451946	3452219
3452220	3452426
3456414	3456754
3457275	3457481
3457643	3457911
3499218	3499449
3502488	3502675
3508502	3508720
3534177	3534645
3567421	3567622
3580412	3580552
3580564	3580719
3581872	3582267
3596865	3596985
3596988	3597265
3603711	3604012
3655978	3656202
3708352	3708530
3729142	3729456
3742358	3742584
3814122	3814296
3845203	3845397
3874145	3874313
3874604	3874786
3879044	3879252
3879253	3880020
5132705	5132835
5132924	5133177
5145620	5145812
5196941	5197118
5232824	5232951
5233117	5233238
5238241	5238441
5290812	5290932
5290937	5292209
5293201	5293388
5393347	5393523
5394663	5394899
5394967	5395205
5395575	5395695
5395698	5395818
5396189	5396417
5397028	5397305
5397308	5397428
5397996	5398172
5400491	5400670
5400957	5401130
5406823	5406992
5407661	5407842
5410440	5410672
5415879	5416219
5416224	5416429
5419775	5419941
5423321	5423441
5423446	5423566
5424226	5424391
5428248	5428471
5433446	5433635
5433864	5434061
5437939	5438121
5443776	5443896
5443898	5444018
5445055	5445240
5478293	5478489
5489013	5489133
5489137	5489257
5577310	5577499
5630340	5630592
5840670	5840895
5890160	5890341
5890344	5890682
5890685	5891193
5891196	5892041
5956245	5956463
5960090	5960212
5969384	5969568
6032211	6032311
6046672	6046787
6080848	6081044
6093397	6093562
6138142	6138360
6171744	6171974
6213140	6213305
6215668	6215838
6237878	6238094
6239744	6239956
6241312	6241439
6243247	6243436
6244424	6244603
6263884	6264095
6301874	6302091
6311505	6311625
6311630	6311750
6374337	6374545
6511512	6511685
6513597	6513786
6575936	6576167
6588777	6588995
6589417	6589589
6590465	6590683
6729753	6729923
6824723	6824905
6837162	6837282
6837287	6837407
6850721	6850900
6850950	6851177
6859776	6859971
6868104	6868332
6870556	6870726
6873425	6873782
6876115	6876296
6882131	6882313
6887067	6887239
6889934	6890111
6890328	6890533
6894768	6894959
6896414	6896632
6898433	6898623
6908828	6909063
6911965	6912174
6927363	6927485
6928124	6928251
6928364	6928488
6942035	6942155
6942160	6942280
6943212	6943443
6947065	6947185
6947190	6947310
6948321	6948531
6949036	6949156
6949159	6949279
6950807	6951036
6955291	6955491
6956449	6956815
6958426	6958662
6959342	6959552
6961628	6961801
6961935	6962110
6964618	6964843
6965208	6965434
6966151	6966376
6971767	6971998
6972968	6973177
6974849	6975032
6975926	6976114
6977740	6977951
6978205	6978437
6980415	6980631
6982419	6982610
6983069	6983258
6985149	6985269
6985273	6985438
6985443	6985621
6986098	6986218
6986219	6986339
6992482	6992686
6993571	6993779
6995311	6995482
6997750	6997939
6999378	6999498
6999502	6999622
6999834	7000033
7002280	7002473
7007122	7007249
7008434	7008661
7009178	7009348
7010175	7010409
7011328	7011548
7012017	7012208
7013833	7014134
7015746	7015941
7016497	7016617
7016620	7016740
7017207	7017327
7017331	7017451
7023212	7023428
7024316	7024526
7025958	7026078
7026083	7026203
7032041	7032270
7032915	7033035
7033040	7033160
7034488	7034682
7035932	7036158
7037609	7037791
7038836	7039001
7040101	7040316
7042107	7042323
7043205	7043385
7044642	7044881
7046218	7046384
7049026	7049146
7049147	7049267
7050713	7050989
7079867	7080104
7080322	7080532
7117626	7117796
7231129	7231587
7231589	7231754
7231757	7232134
7567788	7567973
7774139	7774318
7888021	7888393
7906495	7906704
7926526	7926707
7946906	7947115
7949168	7949349
7955100	7955220
7955225	7955407
8069664	8069930
8076381	8076553
8085706	8085913
8088698	8088936
8113495	8113745
8114733	8114911
8143578	8143799
8244029	8244149
8244153	8244273
8247792	8247964
8248116	8248482
8252408	8252577
8253195	8253426
8296305	8296480
8314715	8314838
8319031	8319236
8343369	8343489
8343491	8343611
8370804	8371006
8375970	8376163
8376365	8376601
8378192	8378408
8379123	8379345
8380271	8380459
8384520	8384753
8386988	8387201
8394497	8394667
8406028	8406251
8545632	8545843
8545921	8546051
8609491	8609611
8609753	8610125
8624918	8625115
8633106	8633304
8635502	8635721
8636220	8636385
8638133	8638338
8705611	8705817
8705869	8706482
8706487	8706664
8718400	8718579
8720271	8720460
8777731	8777903
8783557	8784605
8784693	8784866
8785861	8785981
8785984	8786324
8793010	8793217
8796183	8796489
8798029	8798250
8806812	8807016
8809399	8809564
8812898	8813102
8813107	8813227
8818915	8819209
8821333	8821525
8824663	8825460
8825535	8825656
8825785	8825974
8825975	8826260
8828778	8828967
8831520	8831721
8831726	8831846
9102614	9102735
9104129	9104348
9104885	9105119
9117823	9117996
9119347	9119469
9119540	9119670
9122520	9122727
9124945	9125066
9126744	9126864
9126869	9126989
9134058	9134187
9182369	9182537
9195563	9195779
9204397	9204591
9208685	9208867
9211544	9211725
9216753	9216937
9221810	9221985
9235564	9235760
9239420	9239608
9254218	9255186
9255238	9255438
9255439	9256307
9256378	9256628
9256633	9257563
9257567	9258931
9263773	9263939
9275510	9275675
9279504	9279684
9280916	9281102
9337203	9337371
9359907	9360140
9396248	9396549
9399348	9399522
9512935	9513090
9513165	9513294
9516811	9516965
9517181	9517311
9522129	9522284
9522439	9522569
9524694	9524824
9525811	9525932
9530712	9530842
9533397	9533518
9533784	9533907
9535602	9535896
9536524	9536654
9547786	9547906
9547909	9548029
9549142	9549310
9549978	9550098
9550099	9550384
9553265	9553432
9557253	9557425
9559462	9559641
9561890	9562069
9563418	9563607
9570149	9570691
9577076	9577252
9583142	9583317
9584476	9584647
9584651	9584819
9588039	9588274
9588735	9588939
9593756	9593921
9594985	9595176
9614180	9614302
9614384	9614573
9708356	9708524
9774836	9775004
9775157	9775375
9792068	9792188
9792193	9792313
9813970	9814200
9815092	9815213
9845494	9845680
9859181	9859370
9886111	9886289
9886559	9886775
9886891	9887306
9887516	9887614
9887703	9888134
9914150	9914270
9914275	9914395
9931840	9932045
9936115	9936295
9936860	9936980
9936983	9937103
9944854	9945090
9950406	9950636
9954086	9954258
10454560	10454681
10454916	10455082
10468410	10468626
10471459	10472019
10485431	10485551
10485555	10485841
10487584	10487955
10487960	10488080
10526000	10526171
10530637	10530865
10532674	10532855
10533399	10533621
10534326	10534527
10539706	10539989
10540278	10540453
10546220	10546405
10548292	10548489
10548907	10549127
10550023	10550143
10550147	10550267
10671502	10671763
10672618	10672833
10675089	10675293
10677663	10677861
10680201	10680392
10681561	10681681
10681684	10681804
10682092	10682268
10689579	10689787
10691227	10691413
10696054	10696512
10697759	10697947
10698924	10699044
10699047	10699251
10701995	10702179
10704428	10704637
10705249	10705734
10714724	10714961
10715569	10715776
10718135	10718315
10731408	10731593
10736512	10736708
10740908	10741132
10742452	10742649
10744021	10744235
10748393	10748616
10750014	10750246
10752579	10752757
10752759	10752879
10757972	10758195
10759506	10759773
10759778	10759951
10760966	10761165
10762406	10762642
10762910	10763150
10770115	10770340
10773393	10773591
10773896	10774064
10780280	10780445
10784819	10784991
10786969	10787181
10789080	10789386
10791195	10791368
10794782	10795090
10797361	10797537
10800241	10800450
10801331	10801523
10803806	10803975
10807057	10807290
10855359	10855598
10857056	10857266
10871226	10871431
10911150	10911274
10979502	10979715
11066109	11066281
11148417	11148600
11609864	11610050
11619698	11619788
11629637	11629728
11689566	11689686
11689687	11689947
11752373	11752557
11752833	11753013
11753609	11753956
11824920	11825041
11851515	11852185
11862345	11862527
11864458	11864630
11867131	11867298
11868442	11868562
11868564	11868684
11872255	11872434
11876562	11876735
11880957	11881133
11884412	11884532
11884537	11884657
11884992	11885164
11885698	11885885
11886429	11887048
11888549	11888784
11889394	11889571
11893543	11893664
11896950	11897171
11897172	11897262
11981666	11981838
11998992	11999214
12008304	12008573
12009866	12010091
12012136	12012256
12012257	12012377
12014179	12014299
12014300	12014420
12027959	12028142
12028845	12029069
12030242	12030474
12057253	12057709
12067020	12067212
12067266	12067696
12067700	12068206
12076564	12076655
12081747	12081871
12094073	12094247
12095084	12095204
12095209	12095329
12095416	12095586
12096182	12096308
12097641	12097762
12099603	12099791
12103221	12103342
12107336	12107514
12115053	12115255
12115354	12115475
12122356	12122479
12124136	12124320
12125442	12125532
12125547	12125934
12125937	12126329
12127741	12127862
12254325	12254923
12262763	12262946
12264275	12264397
12274118	12274287
12277152	12277355
12308162	12308285
12308685	12308880
12310874	12311108
12325075	12325201
12325337	12325656
12325660	12325786
12326042	12326163
12329057	12329225
12329590	12329756
12337390	12337559
12340200	12340397
12344145	12344332
12348224	12348344
12348349	12348469
12351145	12351310
12351315	12351445
12353033	12353213
12356658	12356778
12356783	12356903
12358709	12359001
12360012	12360133
12363675	12363795
12363800	12363920
12366877	12366997
12367002	12367122
12367346	12367472
12370731	12370952
12371597	12371765
12376950	12377249
12407925	12408092
12420291	12420474
12421538	12421707
12427035	12427155
12427160	12427326
12429312	12429478
12449680	12449931
12452291	12452568
12453018	12453184
12454326	12454544
12463278	12463398
12463403	12463523
12464793	12464913
12464914	12465034
12479735	12479940
12485828	12486021
12493021	12493226
12495975	12496141
12506508	12506680
12512417	12512538
12535472	12535639
12546701	12546971
12634955	12635123
12657489	12657609
12657614	12657789
12658164	12658349
12658520	12658695
12662010	12662218
12673350	12673515
12674584	12674769
12678081	12678441
12680641	12680844
12686243	12686436
12691313	12691492
12695175	12695352
12697173	12697358
12699022	12699206
12699822	12699992
12700950	12701116
12702428	12702600
12703058	12703285
12706569	12706755
12712645	12712825
12718492	12718665
12720536	12720718
12724484	12724660
12725401	12725566
12785854	12785984
12787962	12788164
12794267	12794397
12801819	12801940
12802061	12802191
12814280	12814408
12817106	12817236
12817313	12817440
12819118	12819338
12825898	12826028
12831021	12831143
12836853	12836974
12840703	12840907
12859045	12859165
12859170	12859290
12883999	12884174
12948072	12948239
12951719	12951923
12955487	12955669
12963161	12963336
12971092	12971281
12978776	12978963
12982512	12982708
12984046	12984221
12985160	12985330
12986835	12986955
12986958	12987078
12999459	12999643
13001472	13001641
13008445	13008673
13012912	13013091
13015419	13015543
13017218	13017400
13018465	13018588
13019040	13019211
13024279	13024432
13029681	13030018
13030454	13030574
13030578	13030698
13037153	13037369
13038315	13038515
13040043	13040238
13040823	13041038
13042195	13042374
13048852	13049371
13049376	13049711
13049716	13049917
13052960	13053165
13055741	13056002
13056007	13056708
13057515	13057635
13057640	13057760
13059078	13059373
13067826	13068165
13068167	13068450
13068841	13069205
13069734	13069857
13071077	13071246
13072751	13072921
13073010	13073219
13086999	13087259
13087544	13087722
13088748	13088950
13089445	13089610
13092385	13092593
13095474	13095713
13096161	13096281
13096282	13096402
13099462	13099634
13100336	13100509
13103427	13103620
13103787	13103881
13104969	13105172
13113557	13113726
13114106	13114271
13116313	13116515
13117568	13117736
13124596	13124768
13387698	13387867
13438163	13438355
13459866	13460096
13611062	13611298
13612694	13612867
13621087	13621252
13643271	13643401
13645149	13645493
13645495	13645699
13666508	13666766
13671755	13671979
13681664	13682125
13731474	13731899
13734416	13734593
13736965	13737136
13740083	13740280
13741513	13741681
13742463	13742691
13746220	13746427
13752270	13752437
13754004	13754231
13759905	13760104
13762015	13762135
13762140	13762260
13763051	13763249
13825712	13825999
13826003	13826253
13826258	13826423
13826427	13826709
13884687	13885107
13885110	13885569
14104871	14104971
14105051	14105231
14105246	14105631
14105691	14105783
14105899	14106021
14106097	14106276
14106355	14106470
14124429	14124529
14132167	14132257
14132272	14132362
14156168	14156362
14156557	14156714
14157125	14157274
14179394	14179534
14378494	14378609
14392775	14392865
14393804	14393893
14511760	14511916
14543012	14543105
14748428	14748549
14752597	14752688
14752861	14752999
14754888	14755009
14757809	14757952
14760582	14760678
14763747	14763934
14763968	14764067
14769237	14769364
14772146	14772267
14777925	14778055
14779916	14780037
14782461	14782616
14784354	14784472
14791343	14791434
14796201	14796331
14797651	14797771
14802233	14802324
14803579	14803674
14813120	14813211
14814466	14814561
14828224	14828339
14830129	14830219
14831349	14831469
14837156	14837296
14837594	14837711
14840505	14840627
14842865	14842955
14842970	14843114
14848716	14848901
14850213	14850303
14850308	14850398
14851503	14851626
14851633	14851759
14851828	14852008
14852013	14852104
14852153	14852398
14852413	14852505
14866353	14866510
15003989	15004274
15004277	15004404
15004419	15004638
15005543	15005659
15005845	15006193
18531242	18531395
18533536	18533727
18534744	18535057
18535069	18535203
18539790	18539968
18540055	18540259
18546870	18547041
18547677	18547850
18548634	18548825
18549066	18549277
18550306	18550489
18559771	18559988
18562665	18562841
18564361	18564527
18566908	18567077
18571125	18571336
18572780	18572947
18586340	18586762
18588008	18588207
18595337	18595573
18600052	18600225
18603528	18603698
18608725	18608898
18619428	18619625
18621966	18622180
18622529	18622705
18624060	18624238
18625255	18625422
18628988	18629178
18629680	18629854
18650455	18650639
18690689	18690875
18963484	18963605
18964155	18964379
18975312	18975546
18981101	18981329
18983790	18983965
19019486	19019662
19020167	19020396
19021308	19021506
19024157	19024382
19029407	19029789
19030885	19031114
19032028	19032265
19034317	19034437
19034441	19034633
19041478	19041710
19048605	19048783
19052985	19053212
19057105	19057288
19065495	19065729
19070005	19070382
19075628	19075833
19076341	19076621
19079618	19080234
19080425	19080598
19085368	19085553
19085691	19085889
19088035	19088222
19088224	19088561
19093807	19094017
19095361	19095571
19096571	19096746
19098024	19098255
19100560	19100771
19102565	19102796
19110399	19110524
19112505	19112633
19115991	19116163
19119798	19119975
19120546	19120751
19140782	19140949
19144161	19144343
19146051	19146224
19147932	19148100
19153238	19154801
19192272	19192441
19202561	19202681
19202686	19202806
19203614	19203763
19203846	19203976
19208898	19209019
19231509	19231711
19236819	19237077
19239133	19239341
19243572	19243751
19244026	19244222
19263440	19263616
19263826	19264011
19282265	19282450
19283468	19283684
19284459	19284627
19321533	19321783
19345687	19345860
19348569	19348760
19353558	19353747
19358012	19358181
19359382	19359586
19371283	19371403
19371408	19371528
19378035	19378219
19379779	19379952
19383811	19383994
19395567	19395778
19399460	19399635
19405539	19405659
19405664	19405784
19408852	19409049
19418309	19418474
19423029	19423198
19424030	19424150
19424155	19424275
19426862	19427096
19429156	19429341
19433057	19433230
19437031	19437219
19438505	19438679
19444464	19444643
19751067	19751248
19751251	19751757
19751847	19752187
19756857	19756977
19756981	19757101
19761365	19761597
19762715	19763011
19780541	19780750
19994571	19994754
19995474	19995595
19996039	19996252
19996449	19996629
19996954	19997045
19997164	19997279
19997554	19997745
20513314	20513519
20516726	20516912
20526268	20526473
20529582	20529790
20548713	20548892
20555086	20555269
20562161	20562339
20564840	20565036
20569184	20569356
20570852	20571027
20572730	20573065
20573067	20573837
20576311	20576491
20577580	20577794
20581571	20581736
20586316	20586446
20596731	20596901
20602088	20602210
20606047	20606235
20715660	20715790
20715873	20716563
20735731	20735933
20768717	20768926
20774328	20774530
20793936	20794120
20814467	20814662
20815786	20815979
20817029	20817205
20832849	20833033
20833753	20833918
20837149	20837331
20877854	20878064
20889632	20889823
20932063	20932285
20936487	20936654
20945547	20945739
20948534	20948758
20950192	20950315
20951325	20951551
20953565	20953747
20956765	20956937
20957507	20957699
20964838	20965035
20979465	20979684
21001324	21001530
21010535	21010701
21017669	21017864
21033375	21033570
21042921	21043087
21043954	21044335
21044405	21044588
21046091	21046270
21047323	21047501
21053445	21053625
21054848	21054968
21054973	21055093
21056975	21057095
21057100	21057305
21059284	21059488
21061146	21061351
21083569	21083744
21084219	21084437
21086933	21087109
21087880	21088065
21089134	21089303
21095736	21095939
21096218	21096440
21098796	21099112
21100062	21100282
21103993	21104159
21104304	21104483
21106579	21106750
21107669	21107859
21109079	21109199
21109204	21109324
21109513	21109700
21109972	21110584
21111501	21111682
21112156	21112282
21113264	21113473
21114423	21114614
21115343	21115670
21116614	21116785
21118498	21118732
21119277	21119508
21119793	21120007
21120393	21120558
21120994	21121364
21123355	21123567
21124260	21124487
21124916	21125102
21127858	21128074
21131552	21131779
21134634	21134952
21136132	21136617
21136996	21137233
21140154	21140483
21141245	21141457
21148730	21148938
21152040	21152230
21153382	21153577
21166212	21166437
21181188	21181383
21192051	21192263
21197597	21197806
21199382	21199607
21209823	21209952
21213962	21214198
21218789	21218976
21226039	21226244
21229057	21229230
21229397	21229634
21242646	21242767
21269709	21269985
21293857	21293977
21293982	21294102
21327902	21328067
21329381	21329557
21330871	21331096
21333625	21333811
21338258	21338475
21343326	21343446
21343450	21343570
21353403	21353523
21353526	21353646
21355775	21355943
21357510	21357685
21361121	21361241
21361243	21361363
21363931	21364051
21364055	21364175
21375903	21376024
21390300	21390493
21392977	21393146
21394295	21394479
21395106	21395325
21395362	21395597
21396298	21396418
21396420	21396540
21399800	21399965
21402194	21402371
21404331	21404556
21406611	21406840
21407237	21407470
21413829	21414029
21416917	21417106
21418708	21418876
21419719	21419839
21419843	21419963
21422328	21422448
21422451	21422739
21424947	21425140
21426205	21426416
21427388	21427620
21437734	21437922
21438616	21438826
21441559	21441732
21444719	21444949
21447732	21447961
21451304	21451597
21453050	21453247
21456232	21456468
21461797	21462036
21464648	21464821
21469911	21470147
21474234	21474417
21474843	21474963
21474968	21475088
21478685	21478862
21478867	21479035
21479234	21479354
21479357	21479477
21481058	21481263
21482947	21483116
21483891	21484056
21484505	21484625
21484629	21484749
21485493	21485659
21487519	21487894
21489123	21489333
21492655	21492825
21494384	21494639
21494641	21494814
21495258	21495480
21496497	21496699
21500837	21501050
21501348	21501550
21508011	21508214
21508546	21508748
21510972	21511146
21512130	21512336
21513714	21513924
21519107	21519345
21523780	21523945
21526059	21526299
21529758	21530093
21531608	21531815
21532856	21533078
21534398	21534518
21534521	21534641
21594874	21595061
21599795	21599916
21644066	21644231
21645950	21646142
21649037	21649257
21660558	21660828
21660830	21660950
21662824	21663017
21693528	21693744
21694453	21694637
21696650	21696775
21697990	21698199
21698451	21698579
21703709	21703829
21703834	21703954
21705335	21705541
21706463	21706584
21707727	21707853
21708775	21708895
21708900	21709020
21710172	21710383
21711818	21711988
21712355	21712541
21713994	21714204
21723098	21723267
21723272	21723392
21735629	21735880
21735885	21736815
21736817	21736937
21739479	21740071
21741319	21741531
21743150	21743319
21745011	21745177
21746455	21746651
21747249	21747435
21750288	21750409
21751346	21751519
21752307	21752475
21757934	21758129
21759628	21759748
21759752	21759872
21761062	21761244
21776067	21776268
21804933	21805165
21819221	21819390
21860731	21860910
21883501	21883688
21891925	21892102
21894154	21894330
21897057	21897352
21898566	21898686
21898691	21898811
21901532	21901716
21912855	21913020
21914206	21914386
21921452	21921628
21938397	21938625
21946554	21946749
21946793	21946968
21948210	21948375
21957332	21957506
22006693	22006892
22007980	22008101
22008725	22008905
22010244	22010422
22017798	22017918
22017923	22018043
22020478	22020644
22023021	22023194
22025250	22025370
22025375	22025495
22028059	22028230
22029807	22029972
22030708	22030932
22040722	22040892
22048709	22048894
22056698	22057119
22057120	22057461
22642582	22642703
22669413	22669640
22671856	22672096
22775073	22775249
22804329	22805724
22805727	22807719
22901954	22902280
22907539	22907766
22930807	22930972
22931929	22932119
23598181	23598373
23603614	23603738
23612286	23612406
23612411	23612531
23614908	23615143
23615772	23615948
23618463	23618683
23619237	23619461
23632568	23632777
23637526	23637646
23637650	23637770
23658006	23658195
23667449	23667665
23670457	23670637
23713907	23714089
23719998	23720168
23724521	23724722
23731787	23731973
23738091	23738290
23758788	23759049
23772279	23772484
23806939	23807282
23845123	23845294
23847448	23847631
23854606	23854986
23861895	23862064
23865783	23866071
23866074	23866409
23872194	23872425
23873399	23873564
23875106	23875280
23895279	23895409
23900996	23901116
23901121	23901241
23907073	23907194
23915024	23915144
23915149	23915269
23937543	23937663
23937668	23937788
23969838	23970054
24035703	24035823
24035828	24035948
24039600	24039730
24039819	24039949
24056573	24056701
24081126	24081256
24126705	24126825
24126829	24126997
24127000	24127676
24127679	24128015
24128020	24128203
24128320	24128440
24128444	24128574
24436168	24436465
24440707	24440886
24441078	24441260
24442082	24442568
24445503	24445689
24496258	24496594
24496598	24497388
24524268	24524473
24603940	24604142
24628389	24628609
24722650	24722820
25532168	25532379
25543261	25543381
25543383	25543503
25562895	25563101
25564890	25565167
25565478	25565733
25568397	25568617
25570055	25570346
25572668	25572852
25573391	25573605
25582924	25583044
25583048	25583168
25585750	25585932
25589639	25589873
25591756	25591969
25593600	25593868
25616427	25616630
25625340	25625527
25727628	25727823
25756893	25757014
27878856	27879024
28574090	28574468
28576845	28577014
28581541	28581710
28584110	28584283
28586877	28587060
28587979	28588492
28598029	28598245
28598629	28598801
28602264	28602502
28604327	28604514
28605647	28605870
28609428	28609617
28610988	28611161
28612063	28612272
28622436	28622653
28647936	28648272
28648948	28649153
28650675	28650856
28651539	28651802
28654643	28654881
28659810	28659977
28659982	28660330
28662211	28662387
28662800	28663017
28666504	28666744
28667652	28667840
28669351	28669549
28670944	28671114
28671422	28671653
28672102	28672291
28673476	28673601
28681766	28681942
28710431	28710766
28711499	28711810
28712477	28712654
28713869	28714176
28714575	28714746
28719688	28719904
28719969	28720267
28721965	28722164
28723605	28723814
28725594	28725766
28728459	28728682
28734728	28734899
28735965	28736155
28737280	28737516
28739304	28739496
28742401	28742568
28898180	28898350
28906437	28906659
28906836	28907015
28908113	28908293
28909863	28910057
28911615	28911806
28913486	28913703
28913915	28914138
28916314	28916573
28918239	28918415
28919758	28920046
28923379	28923606
28923813	28923988
28925974	28926207
28934249	28935122
28935125	28935311
28956772	28956990
28965013	28965189
28966613	28966733
28966736	28966856
28968319	28968499
28968778	28968957
28970638	28970822
28970998	28971181
28972093	28972305
28979263	28979517
28980756	28980975
28983442	28983639
28986052	28986366
28989414	28989646
28989665	28989841
28991097	28991466
28992770	28993589
29027801	29027966
29036336	29036513
29036934	29037110
29038429	29038625
29038905	29039117
29039805	29040028
29040776	29040942
29041167	29041396
29044068	29044336
29045293	29045481
29046489	29046685
29048979	29049266
29052183	29052415
29052614	29052796
29054045	29054248
29054250	29054370
29055572	29056192
29078219	29078341
29098175	29098358
29099734	29099966
29100779	29101216
29102039	29102240
29104400	29104605
29104610	29104898
29110971	29111242
29115154	29115377
29116168	29116428
29118708	29118887
29118891	29119011
29121102	29121326
29122521	29122686
29122691	29122875
29125685	29126738
29171853	29172028
29172794	29172997
29175037	29175353
29175998	29176182
29177987	29178206
29178415	29178581
29205511	29205706
29206151	29206358
29206940	29207105
29210927	29211097
29218579	29218749
29225245	29225430
29237833	29238047
29246139	29246336
29264229	29264407
29339693	29339793
29340198	29340313
29340579	29340670
29410704	29410970
29411935	29412142
29419304	29419469
29426604	29426818
29429517	29429697
29432394	29432514
29432515	29432635
29433792	29433968
29435612	29435778
29437504	29437958
29444073	29444194
29444539	29444800
29446784	29446958
29447316	29447489
29450347	29450562
29450920	29451091
29453361	29453530
29454419	29454676
29470681	29470871
29477667	29477850
29480875	29481051
29487415	29487585
29488190	29488372
29488714	29488989
29489536	29489725
29493329	29493552
29496232	29496419
29497512	29497689
29511282	29511470
29522508	29522715
29598855	29599063
29617042	29617217
29622067	29622252
29625585	29625757
29645776	29645960
29648258	29648442
29672577	29672794
29691756	29691961
29693802	29693932
29703449	29703572
29704769	29704890
29706730	29706859
29708987	29709108
29769908	29770109
29771730	29771898
29772651	29772848
29775255	29775463
29782867	29783069
29784121	29784354
29787280	29787446
29788075	29788314
29790432	29790626
29793094	29793542
29795030	29795198
29796901	29797124
29797783	29797949
29800040	29800279
29847798	29848068
29848070	29848679
29850101	29850312
29852337	29852503
29866927	29867474
29867476	29868164
29890125	29890358
29972785	29972905
29972909	29973029
30050241	30050419
30093345	30093541
30093723	30093823
30254581	30254801
30257071	30257191
30257196	30257316
30260173	30260428
30260430	30260598
30267023	30267199
30275350	30275546
30314112	30314306
30321861	30322077
30349591	30350560
30350852	30350972
30350974	30351094
30351931	30352054
30352133	30352263
30353197	30353396
30517880	30518068
30538011	30538131
30538134	30538254
30554499	30554619
30554620	30554740
30563127	30563322
30672636	30672865
30791836	30792002
30795543	30795743
30803046	30803252
30804718	30804913
30806674	30806859
30825173	30825342
30846877	30847050
30847126	30847304
30873116	30873284
30903452	30903633
30907956	30908056
30913120	30913291
30926177	30926370
30928812	30928978
30936211	30936389
30949999	30950167
30969476	30969665
30977054	30977233
30991860	30992076
31158539	31158669
31187478	31187675
31224776	31224987
31226180	31226345
31241560	31241746
31250647	31250823
31251683	31251853
31263312	31263530
31311817	31312030
31314223	31314391
31318434	31318554
31318558	31319235
31319236	31319405
31319408	31320086
31320087	31320457
31322841	31323047
31323050	31323640
31323644	31325855
31325933	31326543
31432808	31433036
31463192	31463372
31522942	31523164
31537257	31537478
31538239	31538413
31599298	31599598
31603355	31603570
31673348	31673541
31683982	31684149
31684985	31685151
31709833	31710015
31801849	31802071
31802944	31803214
32335880	32336072
32345844	32346041
32373960	32374162
32386180	32386356
32391926	32392102
32395825	32396021
32398072	32398284
32400706	32400935
32401003	32401173
32401282	32401514
32402744	32402956
32405117	32405334
32407499	32407691
32408933	32409125
32409325	32409517
32417977	32418206
32418596	32418817
32428183	32428420
32431772	32432002
32438184	32438304
32438306	32438426
32443835	32444073
32445957	32446160
32455238	32455437
32457674	32457852
32459526	32459751
32461993	32462168
32464615	32464783
32470285	32470494
32558414	32558610
32585403	32585568
32621476	32621646
32650061	32650278
32677358	32677524
32681913	32682084
32706869	32707056
32711968	32712161
32720213	32720441
32822412	32822887
32823065	32823358
32823421	32823780
32823922	32824042
32824046	32824166
32824445	32824742
32824850	32825057
32825226	32825548
32825590	32825806
32826020	32826281
32833242	32833422
32833582	32833759
32833916	32834428
32834776	32834896
32834901	32835021
32835630	32835795
32836100	32836221
32837851	32838031
32838853	32838981
32839508	32839628
32839632	32839752
32843486	32843682
32843866	32843988
32844052	32844340
32864396	32864586
32864590	32865021
32886602	32886725
32886799	32886964
32887054	32887389
32887394	32887924
32917165	32917287
32917352	32917714
32918875	32919074
32919796	32919968
32920234	32920681
32948305	32948428
32949152	32949572
32953369	32953489
32953494	32953614
32953793	32953914
32954052	32954256
33034732	33034853
33048583	33048790
33058135	33058355
33059201	33059430
33060421	33060622
33077706	33077922
33171624	33171843
33234605	33234779
33243544	33243730
33257531	33257716
33263399	33263619
33266962	33267082
33267087	33267207
33269092	33269264
33270944	33271130
33272109	33272292
33282845	33283017
33283476	33283656
33289566	33289777
33484762	33484992
33514075	33514173
33552727	33552929
33554875	33554995
33555000	33555120
33557365	33557485
33557490	33557610
33558752	33558925
33573145	33573330
33605537	33605720
33606777	33606897
33606902	33607277
33610750	33611000
33613650	33613820
33620636	33620843
33647209	33647329
33647332	33647452
33689568	33689738
33691068	33691240
33692378	33692546
33694022	33694396
33696526	33696741
33702079	33702246
33703446	33703645
33704522	33704734
33706157	33706277
33706280	33706965
33709814	33710028
33713157	33713324
33716262	33716385
33718214	33718422
33718633	33718871
33719435	33719603
33720980	33721174
33721276	33721462
33722214	33722379
33722786	33723016
33724879	33725052
33725815	33726025
33726192	33726361
33734800	33734928
33736421	33736614
33738769	33738934
33739692	33739969
33740885	33741086
33744420	33744612
33746996	33747180
33750009	33750249
33750904	33751108
33754438	33754608
33767520	33767735
33775159	33775350
33778542	33778731
33779672	33780316
33783005	33783188
33784997	33785117
33785119	33785239
33793243	33793430
33795500	33795991
33800050	33800259
33828852	33829085
33831108	33831341
33836859	33837026
33839941	33840154
33846721	33846886
33848454	33848650
33877777	33877945
33935399	33935597
33952553	33952787
34081826	34082028
34092318	34092516
34156397	34156581
34174722	34174956
34182533	34182740
34191897	34192121
34205479	34205766
34229180	34229300
34229305	34229425
34232564	34232931
34233179	34233391
34238012	34238246
34261333	34261561
34267072	34267278
34273117	34273237
34273240	34273360
34289012	34289326
34297809	34298340
34298343	34298714
34310579	34310759
34320587	34320821
34322696	34322862
34323934	34324123
34326862	34327059
34335104	34335321
34338958	34339175
34340502	34340700
34349178	34349351
34359407	34359606
34366717	34366914
34366918	34367038
34376802	34377063
34378361	34378599
34380145	34380322
34385303	34385496
34387789	34387961
34398792	34398968
34408565	34408731
34409064	34409263
34414206	34414430
34415277	34415398
34424175	34424352
34465561	34465682
34475722	34475843
34539367	34539489
34646829	34647458
34648098	34648309
34664077	34664243
34740125	34740314
34752920	34753093
34773515	34773695
34801942	34802062
34802066	34802186
34809398	34809520
34833865	34833986
34839041	34839215
34844627	34844827
34846425	34846545
34846547	34846667
34850647	34850847
34853006	34853210
34854260	34854380
34854382	34854587
34854764	34854969
34855099	34855270
34901760	34901958
35065443	35065613
35145344	35145661
35237054	35237236
37201970	37202199
37256610	37256784
39535187	39535357
39537514	39537698
39542422	39542542
39542545	39542665
39550252	39550436
39567693	39567869
39570417	39570631
39573219	39573394
39575823	39575988
39576542	39576710
39584328	39584551
39593398	39593593
39595401	39595579
39600535	39600718
39607416	39607586
39609261	39609440
39613791	39613960
39617648	39617842
39618678	39618863
39620550	39620718
39623676	39623848
39629480	39629601
39637829	39638066
39644668	39644788
39644791	39644911
39647333	39647516
39661045	39661218
40323426	40323677
40500609	40500795
40503549	40503781
40553978	40554160
40613692	40613866
40695297	40695526
40850364	40850641
40851652	40851819
40853604	40854384
40857122	40857292
41559222	41559462
42281305	42281853
42449155	42449377
42456501	42456738
42529862	42530213
42530215	42531146
42531147	42531825
42531828	42533381
42550007	42550127
42550128	42550248
42618391	42618585
42643056	42643417
42643499	42643708
43204589	43204786
43205583	43205782
43206936	43207056
43207059	43207179
43212281	43212507
43214771	43214937
43217008	43217191
43219682	43219802
43219806	43219926
43221192	43221400
43223062	43223251
43223918	43224038
43224043	43224163
43243763	43243949
43245992	43246209
43246832	43247042
43247790	43248020
43248330	43248536
43249316	43249529
43252795	43253029
43253634	43253861
43258896	43259124
43262261	43262381
43262386	43262506
43307195	43307396
43310301	43310506
43310927	43311118
43314141	43314261
43314265	43314385
43316471	43316639
43319052	43319244
43319411	43319604
43328248	43328464
43329758	43329931
43405673	43405848
43416900	43417134
43417507	43417878
43418626	43419008
43420045	43420260
43421996	43422200
43432451	43432657
43435501	43435715
43437873	43438084
43438556	43438676
43438679	43438799
43440035	43440341
43445529	43445731
43446745	43446943
43447497	43447732
43447905	43448128
43450546	43450729
43456154	43456366
43458294	43458459
43458922	43459121
43459961	43460162
43462279	43462481
43464577	43464788
43467712	43467832
43467836	43467956
43469749	43469923
43479328	43479448
43479451	43479571
43480946	43481066
43481068	43481188
43483947	43484125
43487855	43488024
43490553	43490726
43492179	43492395
43493575	43493811
43495408	43495528
43495533	43495653
43495989	43496109
43496111	43496231
43496430	43496629
43497667	43497849
43502234	43502554
43503208	43503377
43505656	43505828
43508817	43508988
43510635	43510801
43514805	43514981
43519545	43519759
43523053	43523257
43523906	43524101
43526564	43526803
43528384	43528572
43529420	43529586
43531053	43531218
43532340	43532600
43534313	43535106
43535111	43535308
43547036	43547251
43565286	43565470
43568534	43568742
43570617	43570747
43571900	43572174
43573505	43573691
43577710	43577900
43578644	43578883
43579311	43579431
43579433	43579553
43585343	43585512
43591049	43591247
43595783	43595991
43604466	43604678
43619834	43620007
43620898	43621089
43652084	43652295
43664294	43664496
43664571	43664699
43666188	43666309
43666371	43666461
43666463	43666553
43666889	43667044
43667143	43667267
43667399	43667520
43668166	43668266
43669624	43669745
43669913	43670038
43671650	43671775
43674935	43675055
43675060	43675180
43678108	43678315
43684341	43684539
43685269	43685399
43698236	43698365
43699964	43700085
43702519	43702640
43703293	43703414
43704680	43704800
43704805	43704925
43705590	43705710
43705715	43705835
43707916	43708037
43795786	43796076
43796249	43796501
43819939	43820059
43820064	43820184
43833667	43833883
43842883	43843003
43843007	43843127
43914226	43914347
44013085	44013475
44015252	44015456
44027432	44027669
44030205	44030428
44030552	44030762
44035900	44036105
44036430	44036610
44057096	44057326
44057477	44057927
44063513	44063693
44064909	44065122
44068929	44069124
44085784	44085964
44087504	44087672
44089539	44089754
44098095	44098313
44100206	44100393
44101055	44101267
44102063	44102288
44104366	44104851
44109166	44109376
44113108	44113289
44114312	44114496
44118150	44118340
44121768	44121981
44122711	44122916
44124706	44124890
44125270	44125490
44126825	44127061
44135013	44135234
44137234	44137438
44138978	44139188
44139394	44139587
44140040	44140487
44143050	44143259
44146271	44146475
44149397	44149569
44152038	44152249
44157587	44157707
44157709	44157829
44159520	44159718
44171880	44172048
44172440	44172641
44173543	44173778
44174213	44174404
44181244	44181514
44184087	44184255
44190765	44190974
44198060	44198272
44219597	44219775
44221824	44222030
44229060	44229277
44236866	44237037
44260040	44260500
44261846	44262075
44266030	44266241
44268726	44268893
44272058	44272239
44284537	44284703
44301295	44301415
44301420	44301540
44336303	44336468
44392376	44392594
44395242	44395455
44398331	44398511
44400873	44401068
44407884	44408095
44409650	44409831
44416329	44416509
44423956	44424077
44424662	44424833
44426640	44426829
44435283	44435592
44444017	44444228
44470555	44471018
44471043	44471248
44480906	44481027
44497194	44497386
44499892	44500083
44526120	44526302
44526798	44527006
44559477	44559598
44559757	44560030
44560111	44560235
44560345	44560960
44561084	44561175
44561571	44561671
44572725	44572910
44579186	44579381
44580740	44580917
44584565	44584803
44585891	44586065
44589282	44589508
44589592	44589830
44593396	44593573
44595517	44595706
44595765	44595988
44601138	44601362
44601556	44601786
44603692	44603869
44610680	44610877
44624417	44624547
44625532	44625766
44626537	44626768
44627164	44627387
44635026	44635246
44639332	44639502
44641553	44641759
44656590	44656760
44660869	44660989
44660990	44661110
44662618	44662854
44682523	44682714
44683695	44683815
44683819	44683939
44692909	44693099
44693503	44693594
44702480	44702600
44702605	44702725
44746252	44746421
44756776	44756954
44757255	44757461
44757464	44757584
44771225	44771418
44771769	44771986
44772872	44772992
44772996	44773424
44773559	44774440
44774526	44774701
44774774	44775202
44775207	44775557
44906820	44907025
45368113	45368315
45371637	45371897
45372013	45372184
45374848	45375044
45377588	45377753
45391423	45391596
45394698	45394866
45395667	45395854
45396765	45396947
45422916	45423089
45423093	45423213
45555618	45555738
45555741	45555993
45555995	45556364
45566302	45566665
45566668	45566958
45567091	45567532
45688698	45688899
45691460	45691688
45706656	45706777
45711626	45711809
46145923	46146113
46147873	46147993
46147996	46148116
46162866	46163065
46190085	46190305
46190758	46190932
46196941	46197107
46237865	46237985
46237990	46238110
46284312	46284841
46287721	46288021
46343624	46343829
46383902	46384080
46385750	46386363
46447798	46448048
46448050	46448218
46448222	46448342
46468875	46469080
46474619	46474858
46476167	46476795
46570454	46570647
46576050	46576260
46623699	46623918
46645089	46645347
46690000	46690180
46735893	46736114
46783333	46783517
46784676	46784851
46798493	46798678
46808372	46808542
46812769	46812938
46858186	46858388
46860057	46860222
46889441	46889616
46904937	46905105
46905931	46906143
46917906	46918073
46956558	46956752
47008669	47008790
47009963	47010083
47010086	47010206
47013700	47013886
47014925	47015046
47015600	47015721
47015888	47015979
47016887	47017008
47017264	47017385
47017599	47017722
47017779	47017899
47017931	47018052
47088677	47088887
47091733	47091939
47093759	47093944
47095725	47095904
47101773	47102001
47107714	47108004
47108662	47108864
47109887	47110077
47113037	47113217
47116721	47116944
47310268	47310393
47311521	47311641
47311646	47311766
47313677	47313807
47317926	47318053
47318486	47318606
47318611	47318731
47320739	47320860
47322222	47322348
47323911	47324032
47329002	47329122
47329125	47329291
47339687	47339807
47339808	47339928
47340080	47340253
47340432	47340853
47352771	47352892
47361795	47361925
47363017	47363117
47363197	47363297
47363846	47363946
47364023	47364180
47365595	47365724
47367800	47367921
47369708	47369838
47373471	47373592
47375975	47376096
47379760	47379961
47383163	47383348
47389604	47389807
47390545	47390809
47398525	47398693
47402005	47402125
47402128	47402248
47404149	47404351
47405314	47405521
47406732	47406929
47421302	47421422
47421425	47421625
47428995	47429284
47430975	47431166
47432821	47433056
47438324	47438538
47455877	47456086
47462614	47462793
47463627	47463840
47479593	47479823
47480583	47480800
47488617	47488831
47489294	47489491
47500714	47500983
47506751	47506952
47511068	47511290
47516799	47516977
47518609	47518841
47527660	47527857
47563247	47563416
47566516	47566718
47581650	47581816
47582832	47583012
47623566	47623787
47652775	47652997
47721047	47721167
47721172	47721292
47753700	47754013
47764970	47765153
47769258	47769443
47777077	47777280
47777913	47778188
47787431	47787560
47788354	47788639
47792601	47792783
47793947	47794117
47795934	47796163
47796353	47796531
47796553	47796753
47797779	47798003
47799027	47799226
47799230	47799350
47799703	47799901
47799905	47800276
47800560	47800794
47801309	47801787
47801921	47802295
47802723	47802925
47802991	47803550
47806157	47806366
47807437	47807603
47808990	47809431
47809603	47809797
47809853	47810047
47810051	47810512
47810770	47810976
47811026	47811195
47811305	47811713
47812160	47812704
47812882	47813068
47813069	47813259
47813795	47814020
47902103	47902317
47906455	47906575
47906580	47906700
47908384	47908598
47911546	47911725
47917535	47917706
47918477	47918654
48190328	48190448
48190453	48190905
48241402	48241630
48248240	48248432
48252275	48252498
48255478	48256025
48256028	48256217
48325664	48325839
48326355	48326521
48327689	48327864
48331517	48331752
48333064	48333270
48335637	48335860
48345967	48346321
48422261	48422382
48434454	48434655
48439202	48439387
48442432	48442552
48442557	48442677
48443795	48443916
48444488	48444664
48446783	48447061
48447357	48447477
48447482	48447602
48450402	48450522
48450527	48450647
48452141	48452322
48458636	48458801
48465823	48466018
48466578	48466752
48473353	48473474
48500710	48500830
48500835	48500955
48510429	48510549
48510554	48510999
48512971	48513432
48573394	48573672
48575006	48575210
48575631	48575802
48577593	48577798
48578969	48579171
48581176	48581413
48584436	48584787
48586168	48586353
48591820	48591999
48593359	48593568
48602957	48603194
48604645	48604848
48702711	48703940
48722933	48723308
48723318	48723625
48918486	48918669
48991739	48992022
49088144	49088552
49867153	49867355
50278376	50278751
50432376	50432577
50432578	50432698
50450060	50450247
50451622	50451832
50589617	50589813
50592383	50592610
50683759	50683931
50705287	50705407
50705409	50705529
50731566	50731800
50734029	50734203
50741831	50742008
50763472	50763650
50831937	50832152
50848340	50848549
50866078	50866313
50912377	50912542
50917981	50918160
50918165	50918285
50923680	50923852
50929081	50929294
50936874	50937061
50942470	50942705
50961422	50961588
50976898	50977112
50985584	50985898
50994200	50994320
50994324	50994444
51013126	51013246
51013249	51013369
51025724	51025915
51052929	51053157
51056613	51056937
51056939	51057059
51686116	51686301
51690878	51690998
51691000	51691120
51692336	51692537
51715205	51715385
51729313	51729528
51731381	51731562
51748740	51748861
51750376	51750551
51750725	51750909
51795856	51796081
51797638	51797840
51800313	51800490
51804085	51804265
51806989	51807239
51809220	51809397
51810289	51810479
51813649	51813817
51818216	51818403
51820016	51820297
51820302	51820810
51851029	51851200
51855633	51855818
51858079	51858254
51863471	51863640
51880345	51880528
51880815	51880983
51886915	51887200
51888010	51888362
51888365	51888803
51889153	51889324
51892037	51892202
51898774	51898948
51900576	51900781
51904487	51904669
52254972	52255155
52258407	52258607
52262128	52262320
52265055	52265441
52544789	52544971
52546558	52546725
52551453	52551573
52551576	52551696
52555229	52555438
52556475	52556652
52571491	52571666
52574920	52575097
52585097	52585227
52586401	52586596
52595941	52596115
52601991	52602158
52604041	52604267
52605212	52605381
52608192	52608397
52609889	52610075
52895383	52895503
52895506	52895626
52896090	52896389
52899756	52899945
52901687	52901890
52921695	52921916
52924497	52924680
52927081	52927297
52928618	52928852
52936975	52937214
52942835	52943065
52946798	52946990
52969611	52969791
52988811	52989031
53017482	53017686
53018058	53018282
53068147	53068336
53070657	53070921
53128214	53128380
53131218	53131404
53146402	53146597
53177736	53177856
53177861	53177981
53252463	53252643
53254267	53254451
53255679	53255888
53263432	53263554
53298559	53298680
53302895	53303101
53331840	53331995
53695992	53696178
53723242	53723370
53727324	53727506
54270149	54270315
54278142	54278316
54281677	54281844
54283459	54283633
54285137	54285339
54291521	54291713
54293572	54293743
54305489	54305683
54339710	54339921
54346551	54346744
54348456	54348625
54349873	54350045
54353123	54353319
54354040	54354208
54358397	54358594
54358894	54359066
54361815	54361992
54362170	54362475
54363478	54363658
54385192	54385374
54398677	54398850
54423837	54424431
54424433	54424598
54426037	54426214
54443938	54444141
54446634	54446818
54448683	54448915
54483196	54483436
54547235	54547423
54591100	54591312
54602956	54603076
54603078	54603198
54605725	54605914
54606531	54606712
54629619	54629841
54687961	54688152
54694293	54694488
54814541	54815067
55019765	55019895
55019993	55020278
55021611	55021778
55024183	55024704
55027215	55027473
55102928	55103094
55103184	55103456
55103506	55104114
55111500	55111685
55134259	55134467
55143606	55143914
55217857	55218069
55218469	55218642
55221449	55221616
55221987	55222107
55222109	55222229
55226323	55226494
55230090	55230261
55233603	55233723
55233728	55233848
55238575	55238695
55238697	55238817
55240434	55240554
55240559	55240679
55247257	55247377
55247380	55247500
55253737	55253946
55268815	55269022
55269608	55269786
55270026	55270249
55272986	55273209
55273793	55274001
55274322	55274442
55274443	55274693
55274698	55274870
55276523	55276705
55278861	55278986
55280779	55280955
55282884	55283250
55287759	55287958
55288900	55289087
55309105	55309197
55315753	55315983
55317543	55317782
55319292	55319457
55319663	55319963
55321102	55321222
55321226	55321346
55322426	55322600
55328445	55328720
55329669	55329883
55334258	55334382
55335249	55335469
55335565	55335778
55336506	55336703
55338697	55338820
55342019	55342210
55351183	55351410
55352268	55352466
55355570	55355797
55359040	55359256
55361811	55361940
55362338	55362744
55364832	55365100
55368315	55368487
55368491	55368611
55371719	55371887
55373610	55373814
55397581	55397773
55397799	55397922
55398669	55399039
55686220	55686320
55711868	55712038
55816658	55816855
55832988	55833184
55862746	55863047
55912648	55912861
55916056	55916245
55919133	55919354
55983090	55983288
55989604	55989725
55990454	55990645
55992163	55992356
55996209	55996329
55996334	55996454
55997977	55998191
56000987	56001220
56002672	56002853
56008221	56008429
56008846	56009018
56010162	56010389
56016658	56016863
56018186	56018399
56024421	56024736
56031489	56031654
56033225	56033536
56034970	56035176
56037616	56037785
56040408	56040597
56050436	56050666
56052664	56052830
56054626	56054747
56056262	56056432
56057772	56058003
56058683	56058907
56063318	56063510
56118195	56118429
56149078	56149257
56165152	56165365
56171201	56171396
56182221	56182431
56184151	56184271
56184276	56184468
56190989	56191257
56196248	56196517
56202044	56202333
56202338	56202758
56202763	56202932
56202933	56203863
56203868	56204373
56204374	56205495
56246032	56247760
56274521	56274698
56278866	56279067
56338935	56339106
56348370	56348593
56363601	56363722
56367701	56367881
56376593	56376790
56377170	56377341
56378126	56378295
56381227	56381450
56383111	56383293
56390242	56390434
56400614	56400785
56401510	56401631
56402430	56402649
56409100	56409276
56411516	56411717
56412871	56413048
56414669	56415117
56585483	56585757
56585841	56586118
56586187	56586352
56586473	56586564
56586634	56586814
56586953	56587206
56587267	56587478
56587518	56587609
56587804	56587904
56601615	56601770
56601785	56601875
56606749	56606904
56615387	56615487
56620717	56620817
56620962	56621062
56646367	56646489
56648815	56648937
56703015	56703218
56704136	56704318
56711278	56711402
56718766	56718979
56720356	56720540
56807158	56807344
56816672	56816843
56819681	56819901
56822914	56823084
56824713	56824918
56825732	56825945
56887508	56887718
56892669	56892984
56897590	56897801
56936211	56936508
56936591	56936759
56939514	56939634
56939639	56939805
56940140	56940405
56963838	56964135
56979894	56980098
56985487	56985663
56998243	56998428
56998638	56998821
57000307	57000516
57005768	57006196
57013134	57013302
57014685	57014863
57016275	57016453
57020408	57020605
57021656	57021830
57022521	57022900
57026314	57026511
57103063	57103357
57105317	57105482
57106713	57106996
57115232	57115437
57122079	57122258
57133927	57134167
57136653	57136881
57147369	57147600
57363855	57364023
57364399	57364583
57567275	57567495
57567631	57567843
57569846	57570055
57637606	57637695
57638215	57638305
58038519	58039555
58279024	58279277
58283149	58283329
58284733	58284910
58285118	58285313
58287175	58287365
58289507	58289692
58290088	58290208
58290209	58290329
58291391	58291680
58297876	58298051
58309120	58309311
58310647	58310831
59157723	59158026
59166362	59166667
59167555	59167794
59170126	59170246
59170251	59170371
59174546	59174776
59195144	59195470
59203698	59203903
59206238	59206452
59212265	59212470
59217152	59217471
59221402	59221522
59221527	59221947
59483060	59483328
59483330	59483669
59713027	59713147
59713151	59713271
59739858	59739979
59741987	59742171
59749852	59750031
59751718	59751883
59752418	59752597
59755908	59756083
59757710	59757886
59763105	59763228
59768258	59768425
59770019	59770210
59772735	59772905
59773972	59774171
59774174	59774294
59777027	59777210
59780360	59780558
59781674	59781876
59805371	59805545
59806184	59806364
59807597	59807765
59810493	59810663
59813133	59813302
59814143	59814311
59815362	59815564
59821706	59821888
59824300	59824479
59824894	59825067
59828367	59828537
59854720	59855242
59878386	59878561
59888246	59888671
59894550	59894988
59895515	59895784
59898381	59898551
59899541	59899729
59911949	59912120
59919833	59920017
59922586	59922766
59925130	59925250
59925253	59925373
59925718	59925889
59928732	59928917
59931188	59931402
59931945	59932126
59933835	59934005
59936096	59936270
59936576	59936676
59941201	59941375
59942598	59942774
59946996	59947170
59947511	59947631
59947632	59947752
59947828	59947948
59947952	59948072
59949555	59949748
59954590	59954766
59958752	59958929
59966013	59966191
59972640	59972858
59992609	59992730
60015338	60015458
60015463	60015583
60017057	60017266
60021612	60021732
60021734	60021854
60025406	60025643
60027091	60027309
60028871	60029080
60033900	60034071
60035867	60036688
60051960	60052125
60052126	60052246
60190582	60190704
60190852	60191041
60191046	60191296
60191300	60191579
60206883	60207082
60209726	60209894
60211946	60212112
60217553	60217721
60223428	60223605
60225905	60226086
60227717	60227894
60230237	60230447
60231750	60231921
60232210	60232413
60237351	60237548
60241276	60242741
60243721	60243911
60382893	60383021
60383191	60383702
60383875	60384300
60384301	60384501
60491400	60491524
60492666	60492757
60493437	60493646
60497298	60497419
60506023	60506229
60527611	60527802
60562191	60562360
60563034	60563304
60570180	60570395
60572368	60572550
60582094	60582275
60587157	60587391
60609004	60609207
60612324	60612561
60625826	60625946
60625948	60626068
60630535	60630774
60639800	60639991
60642654	60642910
60645512	60645862
60645866	60646751
60795764	60795967
60985287	60985916
60999009	60999191
61002380	61002620
61005991	61006165
61011587	61011767
61018091	61018261
61022434	61022609
61022636	61022806
61026918	61027105
61029912	61030098
61034134	61034342
61058193	61058374
61060616	61060822
61064273	61064439
61066432	61066605
61067286	61067408
61067781	61067963
61070915	61071081
61074614	61074780
61077475	61077643
61078673	61078861
61089406	61089587
61151700	61151894
61154085	61154296
61156588	61156775
61160153	61160429
61166326	61166541
61170560	61170941
61223392	61223560
61225584	61225809
61226787	61226991
61228328	61228514
61231208	61231394
61232652	61232878
61233812	61234307
61254301	61254489
61254505	61254729
61255820	61256021
61256809	61257049
61259497	61259727
61260101	61260224
61261267	61261714
61262273	61262451
61264193	61264647
61271117	61271284
61304964	61305214
61305263	61305355
61305364	61305454
61306493	61306614
61306865	61306986
61308183	61308304
61308971	61309105
61310317	61310475
61310622	61310801
61322902	61323152
61323201	61323293
61323302	61323392
61324140	61324261
61324501	61324622
61325823	61325944
61326514	61326604
61326610	61326744
61327934	61328114
61328260	61328440
61377370	61377575
61378517	61378637
61378639	61378759
61379770	61380001
61383253	61383480
61387195	61387364
61388059	61388224
61390176	61390640
61391213	61391313
61391524	61391653
61393503	61393721
61394273	61394458
61449532	61449732
61459559	61459680
61460387	61460559
61463503	61463715
61465807	61466007
61468057	61468236
61471472	61471902
61558639	61558807
61562421	61562656
61564318	61564496
61564902	61565087
61568961	61569130
61569635	61569850
61570166	61570617
61575147	61575372
61582745	61582984
61584598	61584769
61585183	61585352
61587037	61587209
61597247	61597412
61600315	61600501
61602016	61602443
61620632	61620839
61621656	61621863
61627360	61627537
61645527	61645647
61645648	61645768
61646976	61647149
61648952	61649157
61650761	61650929
61652296	61652466
61653382	61653605
61654095	61654434
61654439	61654559
61747428	61747650
61765070	61765304
61765764	61765966
63430080	63430200
63430205	63430325
63476963	63477262
63481661	63481868
63489321	63489515
63491832	63492018
63511064	63511341
63525071	63525243
63526154	63526362
63526875	63527050
63529878	63530060
63530064	63530184
63547629	63548170
64171964	64172507
64176242	64176505
64178819	64178985
64197035	64197207
64199896	64200101
64202184	64202365
64211212	64211479
64212004	64212170
64218324	64218498
64221618	64221786
64235650	64235907
64239229	64239437
64748829	64749020
65178178	65179485
65179489	65180845
65180848	65181272
65181275	65181867
66344179	66344471
66346660	66346869
66348119	66348341
66350115	66350292
66351403	66351579
66351606	66351775
66354870	66355035
66358388	66358618
66364430	66364654
66365155	66365322
66367596	66367767
66368779	66368986
66377255	66377424
66378499	66378710
66381067	66381272
66382152	66382347
66503992	66504599
66505938	66506198
66509274	66509403
66511059	66511236
66511406	66511577
66513225	66513415
66513548	66513764
66541839	66542036
66564479	66564599
66564602	66564862
66678207	66678378
66721196	66721373
67068427	67068599
67231730	67231921
67266632	67266820
67344926	67345046
67345051	67345171
67365579	67365787
67406112	67406345
67424985	67425207
67508414	67508592
67531560	67531736
67534532	67534752
67540357	67540553
67562902	67563308
67613969	67614312
67614551	67614757
67671325	67671491
67672421	67672590
67673558	67673730
67684623	67684881
67687850	67687970
67687973	67688093
67691955	67692128
67695953	67696160
67697156	67697378
67698061	67698228
67715245	67715459
67718558	67718789
67721397	67721572
67724898	67725117
67727065	67727292
67728555	67728676
67733006	67733184
67741098	67741274
67742637	67742844
67753797	67753918
67755183	67755303
67755306	67755426
67759282	67759469
67759868	67760042
67776720	67776840
67776844	67776964
67781675	67781847
67788808	67789012
67794720	67794991
67795603	67795792
67801648	67801835
67802402	67802576
67806823	67807007
67807240	67807431
67809410	67809634
67812854	67813052
67816100	67816287
67817201	67817427
67817780	67817961
67833281	67833470
67834167	67834332
67836095	67836311
67843865	67844094
67855318	67855483
67857760	67857946
67860443	67860563
67860568	67860688
67863723	67863945
67864766	67864967
67866610	67866777
67869049	67869229
67871306	67871483
67872348	67872521
67872791	67872968
67991968	67992158
67992223	67992498
67992563	67992816
67992988	67993153
67993309	67993430
70205406	70205645
70205873	70206085
70209027	70209194
70209199	70209374
70416162	70416339
70417264	70417818
70423209	70423405
70450854	70451135
70461321	70461580
70502462	70502675
70520551	70520672
70526058	70526313
70531948	70532068
70532073	70532193
70532366	70532531
70532730	70532947
70534469	70534650
71442012	71442177
71740697	71740870
71740875	71740995
71749145	71749384
71790573	71790806
71791682	71791849
71793123	71793350
71796608	71796793
71797570	71797888
71802938	71803114
71807369	71807489
71807494	71807614
71814919	71815086
71815991	71816111
71816112	71816279
71822340	71822617
71825191	71825651
71920816	71920999
71922909	71923082
71923924	71924127
71927941	71928208
71930505	71930625
71930630	71930750
71958903	71959088
71985064	71985232
71987707	71987832
71989914	71990123
71995179	71995300
71996172	71996293
71998054	71998224
72005941	72006113
72009244	72009527
72010704	72010887
72020457	72020630
72020634	72020972
72020973	72021142
72021144	72021488
72021674	72021873
72103777	72104007
72109194	72109370
72113762	72114476
72124286	72124407
72167153	72167329
72168591	72168797
72173002	72173207
72175989	72176169
72178077	72178252
72179565	72179772
72180804	72180977
72183418	72183615
72185659	72185847
72186096	72186216
72186219	72186339
72187222	72187511
72201796	72201984
72223594	72223759
72226519	72226733
72228011	72228216
72229189	72229374
72234419	72234639
72238365	72238563
72244061	72244181
72244185	72244305
72245428	72245638
72247368	72247539
72250749	72250945
72251717	72251894
72264421	72264619
72264621	72264828
72342926	72344468
72344473	72346681
72346683	72347359
72347363	72347637
72352947	72353183
72493335	72493503
72515871	72516099
72589104	72589278
72592898	72593087
72601852	72602087
72632483	72632711
72672080	72672180
72673004	72673104
72775050	72775509
72775514	72776370
72913315	72914315
72920799	72920981
72997479	72997599
72997604	72997857
72997859	72998279
72998284	72998789
72998793	73000593
73122718	73122893
73130701	73130870
73139318	73139499
74074417	74074586
74082369	74082582
74083311	74083529
74090798	74092169
74092171	74092291
74153158	74154891
74154894	74155014
74207638	74207865
74208210	74208518
74536175	74536295
74536299	74536419
74561485	74561675
74563687	74563875
74580627	74580861
74583608	74583791
74587410	74587581
74589961	74590140
74592015	74592212
74593160	74593446
74606972	74607253
74610983	74611174
74616252	74616462
74617124	74617385
74620238	74620442
74620444	74620564
74621959	74622189
74622588	74622708
74622711	74622831
74624128	74624293
74625659	74625899
74627666	74627860
74631703	74631874
74631877	74631997
74634916	74635036
74635038	74635158
74637195	74637534
74638928	74639295
74639298	74639505
74639869	74639989
74639993	74640113
74647912	74648135
74648281	74648463
74649139	74649367
74659419	74659539
74659543	74659663
74667876	74667996
74668000	74668120
74671586	74671818
74672561	74672777
74680090	74680210
74680215	74680335
74691805	74691993
74692246	74692439
74696659	74696836
74697079	74697244
74700091	74700550
74700768	74700978
74701883	74702003
74702004	74702124
74702815	74703006
74721708	74721917
74728709	74729082
74729086	74729206
74778134	74778349
74778442	74778611
74779690	74779874
74780911	74781098
74817109	74817302
74962516	74962939
74962944	74963197
74968011	74968190
74980548	74980858
76740231	76740405
76752099	76752719
76752811	76752902
76752960	76753890
76753895	76754487
76754490	76754997
76755000	76755530
76756936	76757395
76829329	76829538
76856406	76856619
76870347	76870467
76870471	76870591
76873231	76873401
76874880	76874980
76886233	76886410
76903748	76903919
76914446	76914611
76933670	76933841
76934141	76934325
76936777	76936959
76953157	76953331
76966877	76967077
76973937	76974107
77013332	77013515
77037082	77037251
77063515	77063712
77066963	77067129
77067132	77067252
77089157	77089382
77089971	77090199
77096603	77096822
77097261	77097381
77097386	77097506
77102167	77102376
77104183	77104351
77105352	77105544
77105716	77105899
77107690	77107916
77108092	77108213
77119360	77119480
77119482	77119602
77132513	77132633
77132638	77132901
77133920	77134147
77135247	77135458
77137187	77137361
77156185	77156356
77160328	77160498
77170052	77170239
77170379	77170736
77170739	77171501
77193615	77193820
77208751	77208984
77210916	77211082
77211658	77211829
77221228	77221403
77227437	77227607
77246223	77246589
77246590	77246759
77246763	77246966
77287414	77287647
77402021	77402205
77420671	77420851
77439365	77439564
77439863	77440233
77455146	77455332
77455872	77456066
77457841	77457961
77457963	77458083
77464760	77464880
77464882	77465002
77470248	77470487
77472984	77473204
77474433	77474626
77474628	77475483
77477556	77478102
77488829	77489069
77496315	77496480
77513564	77513763
77623644	77623764
77623768	77624026
77624109	77624288
77658996	77659597
77659602	77659767
77664034	77664214
77679198	77679389
77693952	77694121
77703234	77703465
77710668	77710881
77724702	77724919
77726604	77726769
77728065	77728185
77728190	77728310
77730336	77730459
77733607	77733814
77736636	77736820
77737545	77737750
77748192	77748368
77794531	77794697
77796630	77796843
77797315	77797545
77798517	77798714
77802128	77802249
77804185	77804353
77805774	77806118
77875436	77875628
77890971	77891191
77893503	77895198
77895201	77896303
77896308	77896475
77896478	77896644
77906024	77906245
77917568	77917774
77917778	77918454
77920380	77920565
77921107	77921411
77926632	77927001
77940975	77941147
77960641	77960806
78005104	78005277
